3	2	1
8	2	1
10	2	1
13	2	1
15	2	1
19	2	1
20	2	1
21	2	1
22	2	1
24	2	1
27	2	1
29	2	1
30	2	1
34	2	1
36	2	1
37	2	1
39	2	1
40	2	1
41	2	1
43	2	1
45	2	1
46	2	1
49	2	1
52	2	1
55	2	1
56	2	1
57	2	1
63	2	1
64	2	1
65	2	1
70	2	1
72	2	1
73	2	1
76	2	1
77	2	1
81	2	1
84	2	1
87	2	1
93	2	1
95	2	1
99	2	1
101	2	1
106	2	1
113	2	1
115	2	1
118	2	1
119	2	1
121	2	0
122	2	0
123	2	0
124	2	0
125	2	0
126	2	0
127	2	0
128	2	0
129	2	0
130	2	0
131	2	0
132	2	0
133	2	0
134	2	0
13	139	1
140	139	1
141	139	1
44	139	1
105	139	1
6	139	1
23	139	1
144	139	1
145	139	1
146	139	1
43	139	1
47	139	1
150	139	1
158	139	1
53	139	1
160	139	1
114	139	1
162	139	1
4	139	1
124	139	1
163	139	1
164	139	1
165	139	1
167	139	1
30	139	1
170	139	1
172	139	1
173	139	1
174	139	1
175	139	1
176	139	1
113	139	1
50	139	1
54	139	1
116	139	1
180	139	1
134	139	1
181	139	1
126	139	1
188	139	1
189	139	1
135	139	1
193	139	1
195	139	1
198	139	1
201	139	1
202	139	1
203	139	1
82	139	1
206	139	1
25	139	1
208	139	1
212	139	1
62	139	1
123	139	0
213	139	0
217	216	1
190	216	1
219	216	1
223	216	1
73	216	1
224	216	1
225	216	1
45	216	1
227	216	1
42	216	1
232	216	1
17	216	1
10	216	1
234	216	1
112	216	1
237	216	1
114	216	1
238	216	1
242	216	1
32	216	1
243	216	1
244	216	1
245	216	1
54	216	1
246	216	1
158	216	1
248	216	1
249	216	1
252	216	1
93	216	1
43	216	1
108	216	1
255	216	1
256	216	1
258	216	1
259	216	1
262	216	1
266	216	1
267	216	1
270	216	1
154	216	1
271	216	1
276	216	1
59	216	1
278	216	1
279	216	1
280	216	0
13	216	0
281	216	0
128	216	0
282	216	0
123	216	0
46	216	0
130	216	0
283	216	0
214	216	0
284	216	0
285	216	0
169	216	0
286	216	0
28	216	0
41	216	0
16	216	0
287	216	0
34	216	0
288	216	0
29	216	0
289	216	0
290	216	0
291	216	0
292	216	0
129	216	0
293	216	0
294	216	0
295	216	0
296	216	0
302	4	1
233	4	1
53	4	1
152	4	1
231	4	1
71	4	1
22	4	1
6	4	1
18	4	1
305	4	1
306	4	1
239	4	1
308	4	1
105	4	1
309	4	1
310	4	1
158	4	1
20	4	1
315	4	1
316	4	1
317	4	1
52	4	1
68	4	1
224	4	1
61	4	1
75	4	1
202	4	1
320	4	1
322	4	1
95	4	1
269	4	1
325	4	1
60	4	1
282	4	0
214	4	0
7	4	0
326	4	0
327	4	0
328	4	0
29	4	0
203	4	0
330	329	1
247	329	1
63	329	1
51	329	1
278	329	1
135	329	1
334	329	1
216	329	1
336	329	1
104	329	1
337	329	1
224	329	1
338	329	1
222	329	1
339	329	1
340	329	1
54	329	1
258	329	1
169	329	1
349	329	1
150	329	1
352	329	1
353	329	1
181	329	1
355	329	1
99	329	1
356	329	1
359	329	1
233	329	1
365	329	1
230	329	1
369	329	1
370	329	1
371	329	1
143	329	1
205	329	1
166	329	1
125	329	1
211	329	1
200	329	1
58	329	1
145	329	1
375	329	1
328	329	1
376	329	1
377	329	1
302	329	1
295	329	1
380	329	1
98	329	1
382	329	1
384	329	0
55	329	0
282	329	0
385	329	0
112	329	0
165	329	0
386	329	0
113	329	0
64	329	0
4	329	0
305	329	0
11	329	0
387	329	0
136	329	0
207	329	0
388	329	0
101	329	0
41	329	0
175	329	0
160	329	0
389	329	0
390	329	0
319	329	0
124	329	0
317	329	0
218	329	0
391	329	0
214	329	0
323	329	0
398	335	1
207	335	1
14	335	1
399	335	1
4	335	1
30	335	1
269	335	1
13	335	1
138	335	1
400	335	1
401	335	1
158	335	1
112	335	1
32	335	1
403	335	1
404	335	1
405	335	1
5	335	1
15	335	1
6	335	1
367	335	1
409	335	1
410	335	1
223	335	1
56	335	1
414	335	1
203	335	1
418	335	1
146	335	1
420	335	1
33	335	1
423	335	1
126	335	1
168	335	1
100	335	1
180	335	1
424	335	1
102	335	1
193	335	1
38	335	1
426	335	1
338	335	1
196	335	1
98	335	1
427	335	1
95	335	1
26	335	1
431	335	1
93	335	1
433	335	1
434	335	1
435	335	1
99	335	1
437	335	1
34	335	1
185	335	1
191	335	1
237	335	0
123	335	0
442	335	0
17	243	1
260	243	1
265	243	1
4	243	1
46	243	1
215	243	1
443	243	1
247	243	1
269	243	1
446	243	1
54	243	1
143	243	1
263	243	1
447	243	1
449	243	1
415	243	1
195	243	1
44	243	1
244	243	1
34	243	1
113	243	1
452	243	1
10	243	1
299	243	1
453	243	1
77	243	1
183	243	1
115	243	1
209	243	1
456	243	1
166	243	1
15	243	1
324	243	1
374	243	1
207	243	1
457	243	1
22	243	1
86	243	1
256	243	1
18	243	1
409	243	1
460	243	1
200	243	1
238	243	1
388	243	1
186	243	1
464	243	1
465	243	1
387	243	1
266	243	1
377	243	1
114	243	0
345	243	0
169	243	0
128	243	0
13	243	0
346	243	0
467	243	0
203	243	0
468	243	0
287	243	0
313	243	0
124	243	0
469	243	0
472	471	1
77	471	1
15	471	1
12	471	1
474	471	1
142	471	1
247	471	1
56	471	1
149	471	1
112	471	1
63	471	1
477	471	1
28	471	1
83	471	1
195	471	1
43	471	1
55	471	1
101	471	1
175	471	1
32	471	1
479	471	1
10	471	1
208	471	1
53	471	1
146	471	1
364	471	1
481	471	1
484	471	1
169	471	1
249	471	1
75	471	1
185	471	1
486	471	1
487	471	1
99	471	1
489	471	1
377	471	1
148	471	1
203	471	0
394	471	0
134	471	0
126	471	0
491	471	0
168	471	0
130	471	0
17	6	1
215	6	1
382	6	1
324	6	1
493	6	1
18	6	1
186	6	1
54	6	1
59	6	1
256	6	1
154	6	1
124	6	1
87	6	1
494	6	1
209	6	1
13	6	1
495	6	1
22	6	1
4	6	1
231	6	1
103	6	1
416	6	1
261	6	1
104	6	1
55	6	1
499	6	1
136	6	1
379	6	1
500	6	1
38	6	1
143	6	1
105	6	1
380	6	1
181	6	1
16	6	0
126	6	0
46	6	0
29	6	0
237	6	0
134	6	0
239	6	0
112	6	0
130	6	0
268	6	0
60	6	0
208	6	0
253	6	0
291	6	0
214	6	0
503	6	0
123	6	0
345	6	0
125	6	0
296	6	0
504	6	0
469	6	0
322	6	0
282	6	0
87	101	1
54	101	1
11	101	1
509	101	1
31	101	1
146	101	1
15	101	1
191	101	1
95	101	1
167	101	1
224	101	1
209	101	1
90	101	1
74	101	1
416	101	1
513	101	1
112	101	1
110	101	1
58	101	1
299	101	1
27	101	1
69	101	1
214	101	1
104	101	1
114	101	1
165	101	1
335	101	1
517	101	1
99	101	1
47	101	1
187	101	1
52	101	1
43	101	1
519	101	1
520	101	1
254	101	1
36	101	1
59	101	1
414	101	1
282	101	1
108	101	1
522	101	1
523	101	1
120	101	0
43	524	1
299	524	1
287	524	1
525	524	1
28	524	1
376	524	1
46	524	1
102	524	1
32	524	1
12	524	1
418	524	1
27	524	1
526	524	1
75	524	1
165	524	1
135	524	1
527	524	1
190	524	1
528	524	1
318	524	1
261	524	1
114	524	1
77	524	1
302	524	1
214	524	1
79	524	1
67	524	1
197	524	1
56	524	1
529	524	1
209	524	1
530	524	1
531	524	1
532	524	1
85	524	1
308	524	1
533	524	1
512	524	1
305	524	1
394	524	0
535	536	1
53	536	1
46	536	1
407	536	1
375	536	1
113	536	1
226	536	1
254	536	1
43	536	1
183	536	1
218	536	1
114	536	1
16	536	1
251	536	1
17	536	1
34	536	1
458	536	1
270	536	1
456	536	1
402	536	1
259	536	1
222	536	1
541	536	1
383	536	1
363	536	1
261	536	1
543	536	1
335	536	1
517	536	1
385	536	1
85	536	1
545	536	1
245	536	1
424	536	1
547	536	1
158	536	1
268	536	1
208	536	1
193	536	1
269	536	1
160	536	1
354	536	1
394	536	1
77	536	1
176	536	1
274	536	1
95	536	1
80	536	1
550	536	1
554	536	1
504	536	1
44	536	1
284	536	1
557	536	1
558	536	1
99	536	1
282	536	1
559	536	1
415	536	1
561	536	1
564	536	1
93	536	1
308	536	1
191	536	1
145	536	1
4	536	1
281	536	0
214	536	0
263	536	0
390	536	0
16	408	1
268	408	1
31	408	1
54	408	1
51	408	1
110	408	1
87	408	1
113	408	1
13	408	1
187	408	1
64	408	1
569	408	1
28	408	1
570	408	1
67	408	1
30	408	1
41	408	1
407	408	1
143	408	1
20	408	1
69	408	1
18	408	1
422	408	1
492	408	1
126	408	1
83	408	1
186	408	1
249	408	1
125	408	1
255	408	1
100	408	1
61	408	1
508	408	0
134	408	0
238	408	0
12	408	0
442	408	0
203	408	0
138	408	0
169	408	0
533	9	1
258	9	1
364	9	1
113	9	1
51	9	1
131	9	1
43	9	1
302	9	1
28	9	1
12	9	1
418	9	1
261	9	1
451	9	1
75	9	1
491	9	1
349	9	1
24	9	1
576	9	1
385	9	1
158	9	1
548	9	1
196	9	1
60	9	1
37	9	1
501	9	1
99	9	1
298	9	1
303	9	1
578	9	1
230	9	1
390	9	1
266	9	1
579	9	1
580	9	0
126	9	0
124	9	0
223	12	1
136	12	1
365	12	1
36	12	1
102	12	1
37	12	1
13	12	1
46	12	1
582	12	1
54	12	1
583	12	1
114	12	1
501	12	1
584	12	1
585	12	1
587	12	1
264	12	1
138	12	1
239	12	1
575	12	1
367	12	1
349	12	1
588	12	1
261	12	1
44	12	1
282	12	1
379	12	1
322	12	1
267	12	1
11	12	1
63	12	1
108	12	1
97	12	1
105	12	1
331	12	1
158	12	1
258	12	1
593	12	0
594	12	0
55	12	0
124	12	0
595	12	0
182	12	0
450	12	0
134	12	0
7	12	0
112	12	0
337	12	0
318	12	0
203	12	0
130	12	0
596	12	0
195	12	0
323	12	0
534	12	0
465	12	0
597	12	0
468	12	0
598	12	0
599	12	0
268	12	0
431	12	0
600	12	0
601	12	0
602	12	0
123	12	0
603	12	0
320	12	0
104	12	0
390	12	0
45	12	0
256	12	0
376	606	1
511	606	1
54	606	1
183	606	1
181	606	1
358	606	1
328	606	1
104	606	1
302	606	1
427	606	1
218	606	1
43	606	1
135	606	1
15	606	1
59	606	1
60	606	1
53	606	1
55	606	1
611	606	1
66	606	1
612	606	1
410	606	1
224	606	1
501	606	1
168	606	1
22	606	1
416	606	1
613	606	1
6	606	1
105	606	1
305	606	1
196	606	1
34	606	1
77	606	1
206	606	1
124	606	1
143	606	1
237	606	0
616	606	0
491	606	0
134	606	0
138	606	0
418	606	0
337	606	0
385	514	1
75	514	1
512	514	1
152	514	1
511	514	1
46	514	1
480	514	1
515	514	1
146	514	1
158	514	1
549	514	1
177	514	1
244	514	1
224	514	1
207	514	1
20	514	1
328	514	1
545	514	1
135	514	1
608	514	1
305	514	1
60	514	1
186	514	1
622	514	1
24	514	1
580	514	1
623	514	1
10	514	1
534	514	1
58	514	1
578	514	1
114	514	1
626	514	1
628	514	1
337	514	1
32	514	1
99	514	1
458	514	1
402	514	1
632	514	1
47	514	1
469	514	1
634	514	1
27	514	1
69	514	1
635	514	1
261	514	1
55	514	1
203	514	0
491	514	0
93	636	1
637	636	1
451	636	1
308	636	1
267	636	1
263	636	1
2	636	1
12	636	1
365	636	1
4	636	1
124	636	1
17	636	1
102	636	1
230	636	1
598	636	1
523	636	1
145	636	1
454	636	1
77	636	1
119	636	1
395	636	1
218	636	1
99	636	1
549	636	1
443	636	1
61	636	1
46	636	1
224	636	1
207	636	1
542	636	1
28	636	1
338	636	1
400	636	1
47	636	1
43	636	1
54	636	1
364	636	1
397	636	1
261	636	1
337	636	1
13	636	1
501	636	1
334	636	1
385	636	1
85	636	1
52	636	1
320	636	1
266	636	1
569	636	1
646	636	0
465	636	0
575	636	0
289	636	0
55	636	0
169	636	0
130	636	0
203	636	0
589	636	0
608	636	0
534	152	1
648	152	1
247	152	1
298	152	1
649	152	1
224	152	1
20	152	1
75	152	1
60	152	1
650	152	1
61	152	1
138	152	1
37	152	1
4	152	1
42	152	1
6	152	1
142	152	1
56	152	1
16	152	1
158	152	1
30	152	1
15	152	1
43	152	1
32	152	1
10	152	1
54	152	1
104	152	1
390	152	1
653	152	1
549	152	1
191	152	1
55	152	1
62	152	1
657	152	1
99	152	1
114	152	1
214	152	1
238	152	1
221	152	1
85	152	1
266	152	1
394	152	0
662	152	0
665	664	1
87	664	0
395	664	0
138	664	0
465	664	0
63	664	0
97	664	0
25	664	0
396	666	0
172	666	0
51	666	0
322	666	0
300	666	0
101	666	0
13	666	0
105	666	0
27	666	0
222	668	1
258	668	1
20	668	1
59	668	1
104	668	1
458	668	1
38	668	1
669	668	1
93	668	1
209	668	1
589	668	1
670	668	1
465	668	0
64	668	0
147	668	0
134	668	0
130	668	0
379	668	0
497	668	0
208	668	0
322	668	0
203	668	0
489	668	0
305	668	0
60	668	0
53	668	0
190	668	0
135	668	0
138	668	0
5	668	0
101	668	0
195	668	0
451	668	0
261	668	0
52	668	0
671	668	0
284	668	0
165	668	0
34	534	1
220	534	1
143	534	1
673	534	1
271	534	1
35	534	1
71	534	1
395	534	1
200	534	1
264	534	1
461	534	1
675	534	1
626	534	1
678	534	1
679	534	1
680	534	1
238	534	1
600	534	1
142	534	1
209	534	1
349	534	1
158	534	1
140	534	1
154	534	1
684	534	1
608	534	1
562	534	1
686	534	1
134	534	1
687	534	1
406	534	0
365	534	0
688	534	0
376	534	0
76	534	0
138	534	0
56	534	0
112	534	0
95	534	0
195	534	0
130	534	0
10	534	0
24	534	0
620	534	0
64	534	0
16	534	0
131	534	0
549	534	0
578	534	0
104	534	0
165	534	0
18	534	0
689	534	0
690	534	0
691	534	0
287	534	0
5	534	0
367	534	0
692	534	0
206	534	0
247	534	0
693	534	0
27	534	0
694	534	0
224	534	0
568	534	0
695	534	0
696	534	0
305	534	0
697	534	0
25	534	0
261	534	0
55	534	0
656	534	0
284	534	0
254	534	0
276	10	1
28	10	1
46	10	1
71	10	1
360	10	1
336	10	1
43	10	1
632	10	1
351	10	1
13	10	1
189	10	1
158	10	1
211	10	1
394	10	1
205	10	1
385	10	1
477	10	1
126	10	1
700	10	1
701	10	1
114	10	1
14	10	1
702	10	1
551	10	1
703	10	1
705	10	1
22	10	1
123	10	1
555	10	1
231	10	1
53	10	1
708	10	1
495	10	1
313	10	1
214	10	1
325	10	1
605	10	0
112	10	0
239	10	0
247	10	0
97	10	0
255	10	0
29	10	0
575	10	0
150	10	0
154	10	0
44	10	0
465	10	0
598	10	0
124	10	0
710	10	0
328	10	0
243	10	0
59	10	0
499	10	0
352	10	0
571	10	0
113	10	0
86	10	0
497	10	0
585	10	0
266	10	0
254	10	0
498	10	0
519	10	0
533	10	0
711	10	0
712	10	0
58	10	0
64	10	0
713	10	0
136	10	0
446	10	0
626	10	0
714	10	0
289	10	0
60	10	0
195	10	0
165	10	0
452	10	0
200	10	0
338	10	0
104	10	0
35	10	0
402	10	0
393	10	0
671	10	0
249	10	0
308	241	1
328	241	1
224	241	1
233	241	1
104	241	1
203	241	1
458	241	0
406	241	0
322	241	0
64	241	0
716	241	0
206	241	0
305	241	0
207	241	0
5	241	0
138	241	0
46	37	1
16	37	1
717	37	1
360	37	1
126	37	1
158	37	1
36	37	1
363	37	1
43	37	1
231	37	1
53	37	1
609	37	1
324	37	1
29	37	1
720	37	1
44	37	1
80	37	1
498	37	1
95	37	1
209	37	1
328	37	1
431	37	1
34	37	1
291	37	1
104	37	1
123	37	1
491	37	1
85	37	1
616	37	1
495	37	1
377	37	1
725	37	1
259	37	1
357	37	1
728	37	0
256	37	0
58	37	0
138	37	0
450	37	0
327	37	0
457	37	0
313	37	0
602	37	0
729	37	0
730	37	0
124	37	0
337	37	0
488	37	0
731	37	0
465	37	0
325	37	0
732	37	0
733	37	0
358	37	0
145	37	0
626	37	0
102	37	0
734	37	0
643	37	0
735	37	0
345	37	0
103	37	0
575	37	0
352	37	0
38	37	0
171	37	0
215	37	0
64	37	0
736	37	0
338	37	0
157	37	0
501	37	0
114	37	0
445	37	0
28	37	0
737	37	0
322	37	0
113	37	0
738	37	0
254	17	1
308	17	1
53	17	1
269	17	1
63	17	1
575	17	0
240	17	0
103	17	0
282	17	0
112	17	0
351	17	0
151	17	0
259	17	0
382	17	0
742	17	0
337	17	0
743	17	0
38	17	0
335	396	1
239	396	1
491	396	1
315	396	1
501	396	1
16	396	1
18	396	1
328	396	1
47	396	1
12	396	1
224	396	1
394	396	0
203	396	0
317	396	0
56	396	0
134	396	0
60	396	0
64	396	0
157	396	0
344	396	0
215	396	0
616	396	0
653	396	0
745	396	0
418	396	0
548	396	0
364	396	0
208	396	0
34	396	0
505	396	0
54	396	0
28	396	0
746	396	0
358	396	0
104	396	0
402	396	0
112	396	0
168	396	0
477	396	0
1	396	0
46	67	1
121	67	1
747	67	1
258	67	1
85	67	1
129	67	1
749	67	1
396	67	0
247	67	0
751	67	0
752	67	0
322	67	0
522	67	0
112	67	0
626	67	0
753	67	0
138	67	0
643	67	0
754	67	0
282	67	0
465	67	0
63	67	0
755	67	0
756	67	0
2	67	0
714	67	0
124	67	0
757	67	0
433	67	0
183	67	0
255	67	0
55	67	0
242	67	0
54	67	0
83	67	0
416	67	0
208	67	0
194	67	0
758	67	0
759	67	0
591	67	0
447	67	0
7	67	0
150	67	0
760	67	0
214	67	0
761	67	0
259	67	0
436	67	0
195	67	0
762	67	0
548	67	0
94	67	0
766	110	1
131	110	1
134	110	1
303	110	1
313	110	1
769	110	1
103	110	1
12	110	1
325	110	1
771	110	1
451	110	1
66	110	1
98	110	1
2	110	1
126	110	1
583	110	1
102	110	1
117	110	1
779	110	0
780	110	0
83	110	0
781	110	0
15	110	0
742	110	0
105	110	0
286	110	0
200	110	0
651	110	0
255	110	0
112	110	0
168	110	0
575	110	0
138	110	0
6	110	0
782	110	0
64	110	0
783	110	0
95	110	0
436	110	0
752	110	0
45	110	0
784	110	0
46	110	0
5	110	0
396	110	0
13	110	0
367	110	0
785	110	0
626	110	0
576	110	0
169	110	0
282	110	0
104	110	0
416	110	0
392	110	0
133	110	0
786	110	0
54	110	0
570	110	0
608	110	0
247	110	0
55	110	0
214	110	0
443	110	0
136	110	0
18	110	0
257	110	0
135	110	0
124	110	0
33	110	0
224	110	0
204	110	0
462	110	0
141	110	0
16	110	0
239	110	0
431	110	0
187	110	0
787	110	0
788	110	0
759	110	0
44	110	0
789	110	0
229	110	0
31	791	1
792	791	1
351	791	1
568	791	1
112	791	1
522	791	1
258	791	1
126	791	1
142	791	1
41	791	0
5	791	0
134	791	0
9	791	0
13	791	0
27	791	0
8	791	0
282	791	0
28	791	0
345	791	0
793	791	0
214	791	0
64	791	0
33	791	0
626	791	0
95	791	0
752	791	0
400	791	0
138	791	0
396	791	0
104	791	0
576	791	0
772	791	0
264	791	0
416	791	0
48	791	0
431	791	0
130	791	0
322	791	0
135	791	0
55	791	0
469	791	0
52	791	0
158	791	0
569	791	0
570	791	0
224	791	0
101	791	0
83	791	0
794	791	0
18	791	0
105	791	0
795	791	0
396	624	1
305	624	1
308	624	1
796	624	1
402	624	0
491	624	0
60	624	0
328	283	1
305	283	1
17	283	1
239	283	1
16	283	1
13	283	1
396	283	1
5	283	1
28	283	1
46	283	1
54	283	1
264	283	1
447	283	1
138	283	1
6	283	1
18	283	1
218	283	1
279	283	1
20	283	1
287	283	1
253	283	1
569	283	1
176	283	1
669	283	1
114	283	1
165	283	1
208	283	1
497	283	1
270	283	1
195	283	1
47	283	1
103	283	1
85	283	1
436	283	0
134	283	0
203	283	0
183	283	0
102	283	0
491	283	0
800	283	0
123	283	0
589	283	0
124	283	0
60	283	0
126	283	0
801	283	0
611	283	0
66	283	0
55	283	0
105	283	0
337	283	0
56	283	0
465	283	0
25	283	0
390	283	0
291	283	0
61	283	0
650	283	0
83	283	0
276	283	0
16	805	0
17	805	0
219	805	0
344	805	0
5	805	0
17	308	1
315	308	1
102	308	1
806	308	1
247	308	0
335	308	0
240	308	0
505	308	0
38	308	0
351	308	0
55	308	0
465	308	0
215	308	0
195	308	0
206	308	0
396	308	0
220	308	0
205	308	0
575	308	0
104	308	0
56	308	0
135	308	0
46	506	1
586	506	1
215	506	1
214	506	1
620	506	1
808	506	1
186	506	1
302	506	1
77	506	1
305	506	1
810	506	1
114	506	1
811	506	1
265	506	1
812	506	1
11	506	1
99	506	1
330	506	1
589	506	1
10	506	1
123	506	1
28	506	1
815	506	1
102	506	1
564	506	1
23	506	1
414	506	1
160	506	1
609	506	1
221	506	1
517	506	1
294	506	1
567	506	1
17	506	1
121	506	0
363	506	0
482	506	0
13	742	1
17	742	1
501	742	1
136	742	1
818	742	1
16	742	1
6	742	1
535	742	1
819	742	1
99	742	1
820	742	1
93	742	1
22	742	1
346	742	1
12	742	1
415	742	1
496	742	1
80	742	1
269	742	1
822	742	1
114	742	1
243	742	1
308	742	1
77	742	1
239	742	1
196	742	1
583	742	1
343	742	0
281	742	0
284	742	0
124	742	0
11	742	0
330	742	0
280	742	0
265	742	0
10	742	0
237	742	0
113	742	0
60	742	0
257	742	0
794	742	0
123	742	0
823	742	0
282	742	0
157	160	1
243	160	1
826	160	1
583	160	1
573	160	1
12	160	1
828	160	1
302	160	1
829	160	1
323	160	1
607	160	1
83	160	1
415	160	1
152	160	1
266	160	1
834	160	1
171	160	1
158	160	1
85	160	1
537	160	1
836	160	1
809	160	1
800	160	1
218	160	1
837	160	1
46	160	1
838	160	1
129	160	1
98	160	1
99	160	1
368	160	1
814	160	1
841	160	1
399	160	1
42	160	1
94	160	1
32	160	1
562	160	1
844	160	1
846	160	1
212	160	1
848	160	1
849	160	1
505	160	1
86	160	1
850	160	1
851	160	1
600	160	1
58	160	1
11	160	1
276	160	1
567	160	1
855	160	0
856	160	0
857	160	0
123	160	0
858	160	0
268	160	0
859	160	0
134	160	0
125	160	0
121	160	0
61	160	0
249	160	0
860	160	0
211	160	0
126	160	0
224	160	0
770	160	0
571	818	1
367	818	1
862	818	1
192	818	1
112	818	1
169	818	1
583	818	1
835	818	1
608	818	1
537	818	1
302	818	1
11	818	1
28	818	1
108	818	1
134	818	1
42	818	1
71	818	1
364	818	1
708	818	1
86	818	1
477	818	1
171	818	1
224	818	1
505	818	1
243	818	1
494	818	1
214	818	1
12	818	1
191	818	1
99	818	1
166	818	1
128	818	1
375	818	1
32	818	1
17	818	1
98	818	1
311	818	1
834	818	1
230	818	1
744	818	1
876	818	1
360	818	1
807	818	1
693	818	1
66	818	1
278	818	1
843	818	1
274	818	1
124	818	1
838	818	1
324	818	1
572	818	1
415	818	1
828	818	1
377	818	1
880	818	1
534	818	1
284	818	1
881	818	1
822	818	1
75	818	1
118	818	1
852	818	1
240	818	1
350	818	1
54	422	1
301	422	1
218	422	1
265	422	1
233	422	1
231	422	1
11	422	1
112	422	1
60	422	1
838	422	1
284	422	1
186	422	1
308	422	1
6	422	1
415	422	1
15	422	1
239	422	1
261	422	1
644	422	1
257	422	1
99	422	1
324	422	1
723	422	1
95	422	1
299	422	1
10	422	1
448	422	1
570	422	1
281	422	1
693	422	1
531	422	1
224	422	1
187	422	1
464	422	1
331	422	1
558	422	1
47	422	1
62	422	1
114	422	1
4	422	1
617	422	1
215	422	1
776	422	0
888	422	0
237	422	0
123	422	0
61	422	0
128	422	0
124	422	0
121	422	0
349	422	0
889	422	0
801	422	0
102	422	0
183	545	1
85	545	1
113	545	1
402	545	1
871	545	1
274	545	1
7	545	1
122	545	1
186	545	1
617	545	1
221	545	1
896	545	1
450	545	1
238	545	1
897	545	1
304	545	1
903	545	1
520	545	1
878	545	1
904	545	1
640	545	1
80	545	1
209	545	1
839	545	1
443	545	1
608	545	1
909	545	1
517	545	1
77	545	1
910	545	1
751	545	1
169	545	1
114	545	1
275	545	1
29	545	1
567	545	1
537	545	0
394	545	0
121	545	0
211	545	0
151	545	0
801	545	0
240	545	0
97	545	0
557	545	0
123	545	0
554	545	0
345	545	0
87	713	1
545	713	1
249	713	1
17	713	1
914	713	1
158	713	1
71	713	1
42	713	1
915	713	1
11	713	1
230	713	1
221	713	1
211	713	1
218	713	1
839	713	1
414	713	1
812	713	1
95	713	1
911	713	1
294	713	1
538	713	1
75	713	1
870	713	1
114	713	1
93	713	1
183	713	1
119	713	1
240	713	1
23	713	1
918	13	1
174	13	1
704	13	1
494	13	1
371	13	1
243	13	1
10	13	1
926	13	1
927	13	1
59	13	1
742	13	1
95	13	1
899	13	1
930	13	1
903	13	1
861	13	1
699	13	1
23	13	1
294	13	1
933	13	1
935	13	1
224	13	1
936	13	1
881	13	1
754	13	1
937	13	1
608	13	1
630	13	1
284	13	1
157	13	1
938	13	1
499	13	1
939	13	1
42	13	1
570	13	1
537	13	1
230	13	1
77	13	1
940	13	1
941	13	1
169	13	1
148	13	1
68	13	1
942	13	1
193	13	1
385	13	1
865	13	1
380	13	1
125	13	1
268	13	1
947	13	1
114	13	1
631	13	1
949	13	1
394	13	0
855	13	0
581	13	0
249	13	0
352	13	0
123	13	0
322	13	0
950	13	0
214	13	0
951	13	0
671	13	0
203	13	0
952	13	0
858	13	0
134	13	0
113	13	0
121	13	0
772	13	0
596	13	0
953	13	0
954	13	0
955	13	0
231	13	0
956	13	0
128	13	0
97	13	0
211	13	0
592	13	0
957	13	0
958	13	0
723	930	1
833	930	1
960	930	1
268	930	1
322	930	1
65	930	1
962	930	1
816	930	1
963	930	1
243	930	1
499	930	1
10	930	1
964	930	1
428	930	1
966	930	1
955	930	1
431	930	1
371	930	1
49	930	1
968	930	1
35	930	1
971	930	1
972	930	1
454	930	1
974	930	0
25	930	0
214	930	0
822	975	1
58	975	1
68	975	1
607	975	1
103	975	1
977	975	1
134	975	1
80	975	1
218	975	1
15	975	1
809	975	1
871	975	1
102	975	1
979	975	1
59	975	1
807	975	1
158	975	1
981	975	1
221	975	1
982	975	1
387	975	1
517	975	1
10	975	1
983	975	1
415	975	1
112	975	1
28	975	1
202	975	1
209	975	1
309	975	1
349	975	1
114	975	1
322	975	1
11	975	0
794	975	0
29	975	0
987	975	0
988	975	0
97	975	0
918	975	0
465	975	0
454	975	0
356	975	0
66	975	0
838	975	0
323	990	1
723	990	1
25	990	1
243	990	1
966	990	1
995	990	1
59	990	1
963	990	1
75	990	1
126	990	1
12	990	1
431	990	1
875	990	1
224	990	1
913	990	1
969	990	1
454	990	1
282	990	0
278	990	0
222	112	1
833	112	1
841	112	1
967	112	1
214	112	1
186	112	1
371	112	1
243	112	1
58	112	1
148	112	1
114	112	1
322	112	1
418	112	1
61	112	1
124	112	1
77	112	1
15	112	1
560	112	1
518	112	1
190	112	1
197	112	1
238	112	1
169	112	1
189	112	1
164	112	1
125	112	1
974	112	1
25	112	1
445	112	1
644	112	1
323	112	1
162	112	1
986	112	1
239	112	1
136	112	1
118	112	1
399	112	1
268	611	1
928	611	1
958	611	1
342	611	1
214	611	1
951	611	1
61	611	1
41	611	1
841	611	1
243	611	1
881	611	1
871	611	1
436	611	1
402	611	1
354	611	1
334	611	1
322	611	1
873	611	1
151	611	1
28	611	1
15	611	1
323	611	1
114	611	1
920	611	1
504	611	1
454	611	1
121	611	0
919	611	0
827	611	0
904	611	0
124	611	0
581	611	0
518	611	0
858	611	0
772	611	0
180	607	1
10	607	1
186	607	1
918	607	1
871	607	1
231	607	1
108	607	1
130	607	1
240	607	1
913	607	1
209	607	1
160	607	1
851	607	1
368	607	1
208	607	1
113	607	1
561	607	1
641	607	1
58	607	1
103	607	1
881	607	1
274	607	1
564	607	1
80	607	1
98	607	1
457	607	1
294	607	1
158	607	1
971	607	1
295	607	1
190	607	1
899	607	1
118	607	1
833	607	1
575	607	0
123	607	0
99	240	1
78	240	1
298	240	1
743	240	1
177	240	1
231	240	1
549	240	1
299	240	1
257	240	1
18	240	1
54	240	1
77	240	1
364	240	1
12	240	1
335	240	1
251	240	1
415	240	1
122	240	1
204	240	1
539	240	1
6	240	1
447	240	1
354	240	1
567	240	1
289	240	1
113	240	1
32	240	1
308	240	1
879	240	1
311	240	1
225	240	1
229	240	1
169	240	1
165	240	1
291	240	1
583	240	1
253	240	1
150	240	1
215	240	1
23	240	1
545	240	1
14	240	1
465	240	1
284	240	1
190	240	1
302	240	1
35	240	1
80	240	1
82	240	1
300	240	1
336	240	1
10	240	0
134	240	0
214	240	0
256	240	0
128	240	0
103	240	0
345	240	0
281	240	0
166	240	0
60	240	0
891	240	0
313	240	0
294	240	0
123	240	0
29	240	0
468	240	0
701	240	0
275	240	0
388	240	0
334	240	0
869	360	1
809	360	1
140	360	1
230	360	1
812	360	1
13	360	1
818	360	1
833	360	1
375	360	1
874	360	1
186	360	1
554	360	1
200	360	1
183	360	1
298	360	1
537	360	1
80	360	1
32	360	1
863	360	1
11	360	1
192	360	1
208	360	1
268	360	1
158	360	1
843	360	1
807	360	1
839	360	1
28	360	1
630	360	1
44	360	1
24	360	1
105	360	1
82	360	1
517	360	1
454	360	1
17	360	1
93	360	1
25	360	1
482	360	1
313	360	1
75	360	1
189	360	1
14	360	1
12	360	1
50	360	1
911	360	1
567	360	1
838	360	1
8	970	1
224	970	1
75	970	1
940	970	1
169	970	1
867	970	1
833	970	1
870	970	1
324	970	1
32	970	1
10	970	1
12	970	1
431	970	1
560	970	1
272	970	1
28	970	1
908	970	1
971	970	1
243	970	1
77	970	1
148	970	1
284	970	1
977	970	1
540	970	1
526	970	1
986	970	0
121	970	0
927	970	0
858	970	0
164	970	0
296	970	0
128	970	0
394	970	0
465	970	0
13	537	1
46	537	1
336	537	1
16	537	1
218	537	1
247	537	1
54	537	1
415	537	1
34	537	1
15	537	1
6	537	1
72	537	1
190	537	1
226	537	1
203	537	1
186	537	1
261	537	1
402	537	1
257	537	1
208	537	1
345	537	1
47	537	1
98	537	1
61	537	1
62	537	1
549	537	1
114	537	1
85	537	1
215	537	1
69	537	1
39	537	1
308	537	1
77	537	1
270	537	1
158	537	1
171	537	1
443	537	1
822	537	1
818	537	1
169	537	1
279	537	1
280	537	0
18	537	0
794	537	0
123	537	0
281	537	0
330	537	0
128	537	0
935	537	0
133	537	0
214	77	1
13	77	1
822	77	1
114	77	1
699	77	1
87	77	1
302	77	1
781	77	1
265	77	1
68	77	1
75	77	1
244	77	1
809	77	1
12	77	1
145	77	1
200	77	1
839	77	1
447	77	1
873	77	1
80	77	1
11	77	1
623	77	1
292	77	1
240	77	1
979	77	1
186	77	1
62	77	1
25	77	1
85	77	1
436	77	1
93	77	1
620	77	1
415	77	1
402	77	1
606	77	1
28	77	1
118	77	1
105	77	1
225	77	1
108	77	1
119	77	1
171	77	1
457	77	1
95	77	1
124	77	1
409	77	1
455	77	1
59	77	1
311	77	1
445	192	1
151	192	1
575	192	1
238	192	1
13	192	1
367	192	1
981	192	1
7	192	1
349	192	1
122	192	1
42	192	1
302	192	1
818	192	1
545	192	1
611	192	1
897	192	1
194	192	1
71	192	1
409	192	1
865	192	1
695	192	1
871	192	1
792	192	1
867	192	1
154	192	1
841	192	1
46	192	1
224	192	1
548	192	1
415	192	1
402	192	1
350	192	1
863	192	1
372	192	1
390	192	1
558	192	1
244	192	1
869	192	1
870	192	1
95	192	1
833	192	1
375	192	1
211	192	1
851	192	1
538	192	1
311	192	1
426	192	1
221	192	1
334	192	1
230	192	1
456	192	1
874	192	1
875	192	1
225	192	1
278	192	1
139	192	1
145	192	1
83	192	1
59	192	1
44	192	1
878	192	1
25	192	1
292	192	1
880	192	1
63	192	1
61	192	1
371	192	1
284	192	1
202	192	1
881	192	1
75	192	1
846	192	1
882	192	1
425	192	1
876	192	1
114	192	1
256	192	1
371	238	1
723	238	1
157	238	1
958	238	1
211	238	1
259	238	1
233	238	1
899	238	1
148	238	1
42	238	1
871	238	1
307	238	1
567	238	1
916	238	1
189	238	1
28	238	1
911	238	1
75	238	1
870	238	1
653	238	1
614	238	1
399	238	1
835	238	1
121	238	1
15	238	1
955	238	1
359	238	1
171	238	1
349	238	1
585	238	1
193	238	1
306	238	1
436	238	1
424	238	1
134	238	0
560	238	0
123	238	0
157	603	1
46	603	1
211	603	1
16	603	1
34	603	1
630	603	1
218	603	1
237	603	1
496	603	1
13	603	1
112	603	1
62	603	1
11	603	1
517	603	1
187	603	1
299	603	1
6	603	1
302	603	1
113	603	1
183	603	1
171	603	1
77	603	1
531	603	1
7	603	1
44	603	1
241	603	1
221	603	1
298	603	1
243	603	1
269	603	1
80	603	1
196	603	1
284	603	0
824	603	0
699	714	1
283	714	1
13	714	1
443	714	1
265	714	1
455	714	1
267	714	1
510	714	1
335	714	1
447	714	1
243	714	1
608	714	1
6	714	1
354	714	1
505	714	1
208	714	1
214	714	1
60	714	1
126	714	1
385	714	1
168	714	1
913	714	1
249	714	1
334	714	1
984	714	1
454	714	1
238	714	1
160	714	1
305	714	1
452	714	1
261	714	1
95	714	1
55	714	1
256	714	1
794	714	0
287	714	0
280	714	0
123	714	0
330	714	0
585	714	0
824	714	0
103	714	0
128	714	0
322	714	0
281	714	0
849	714	0
345	714	0
284	714	0
172	751	1
158	751	1
785	751	1
14	751	1
723	751	1
61	751	1
640	751	1
243	751	1
128	751	1
554	751	1
28	751	1
364	751	1
205	751	1
268	751	1
134	751	1
510	751	1
585	751	1
113	751	1
373	751	1
608	751	1
307	751	1
85	751	1
350	751	1
454	751	1
136	751	0
288	751	0
436	751	0
913	751	0
824	751	0
41	751	0
570	751	0
214	751	0
334	751	0
282	751	0
918	751	0
958	751	0
546	751	0
951	751	0
965	751	0
873	751	0
548	751	0
382	751	0
238	751	0
345	751	0
605	385	1
839	385	1
183	385	1
112	385	1
13	385	1
833	385	1
243	385	1
32	385	1
17	385	1
872	385	1
46	385	1
863	385	1
812	385	1
247	385	1
645	385	1
349	385	1
28	385	1
415	385	1
545	385	1
864	385	1
876	385	1
537	385	1
80	385	1
11	385	1
158	385	1
268	385	1
843	385	1
123	385	1
207	385	1
44	385	1
820	385	1
517	385	1
454	385	1
331	385	1
881	385	1
882	385	1
218	385	1
447	385	1
124	385	1
567	385	1
233	586	1
13	586	1
871	586	1
302	586	1
32	586	1
862	586	1
121	586	1
414	586	1
231	586	1
506	586	1
221	586	1
158	586	1
812	586	1
813	586	1
814	586	1
545	586	1
831	586	1
364	586	1
75	586	1
50	586	1
807	586	1
171	586	1
349	586	1
331	586	1
510	586	1
800	586	1
342	586	1
345	586	1
194	586	1
240	586	1
46	586	1
47	586	1
852	586	1
693	586	1
630	586	1
140	586	1
114	586	1
572	586	1
822	586	1
61	586	1
838	586	1
849	586	0
295	586	0
169	586	0
330	586	0
38	581	1
324	581	1
396	581	1
537	581	1
12	581	1
583	581	1
17	581	1
180	581	1
605	581	1
165	581	1
11	581	1
261	581	1
151	581	1
269	581	1
283	581	1
318	581	1
238	581	1
16	581	1
600	581	1
367	581	1
62	581	1
865	581	1
429	581	1
821	581	1
6	581	1
563	581	1
464	581	1
63	581	1
330	581	1
171	581	1
58	581	1
278	581	1
249	581	1
221	581	1
935	581	1
18	581	1
440	581	1
196	581	1
267	581	1
827	581	1
168	581	1
71	581	1
203	581	1
229	581	1
683	581	1
987	581	1
741	581	1
701	581	1
897	581	0
123	581	0
794	581	0
671	581	0
901	581	0
862	581	0
134	581	0
554	581	0
128	581	0
160	581	0
10	581	0
458	581	0
545	581	0
169	581	0
708	581	0
849	581	0
653	581	0
157	581	0
445	581	0
124	581	0
364	581	0
814	581	0
226	581	0
125	581	0
268	581	0
596	581	0
121	581	0
496	581	0
477	581	0
844	581	0
240	581	0
816	581	0
102	581	0
145	581	0
830	581	0
166	581	0
29	581	0
397	581	0
345	581	0
632	581	0
913	581	0
158	581	0
984	581	0
386	581	0
695	581	0
49	581	0
573	581	0
592	581	0
965	581	0
376	581	0
288	581	0
822	844	1
299	844	1
46	844	1
284	844	1
218	844	1
20	844	1
903	844	1
360	844	1
591	844	1
336	844	0
134	844	0
344	844	0
488	844	0
41	844	0
281	844	0
6	844	0
105	844	0
54	844	0
169	844	0
112	844	0
237	844	0
13	844	0
226	844	0
314	844	0
35	844	0
458	844	0
136	844	0
16	844	0
53	844	0
238	120	0
335	120	0
247	120	0
501	120	0
437	120	0
299	120	0
112	120	0
28	120	0
398	120	0
327	120	0
95	120	0
11	120	0
59	120	0
256	120	0
450	120	0
63	120	0
194	120	0
196	120	0
134	120	0
44	120	0
308	120	0
6	120	0
130	120	0
254	120	0
61	120	0
278	46	1
517	46	1
181	46	1
17	46	1
98	46	1
822	46	0
838	46	0
384	46	0
234	46	0
105	46	0
238	46	0
121	46	0
935	46	0
322	46	0
203	46	0
330	46	0
11	46	0
752	46	0
396	46	0
207	46	0
608	46	0
930	46	0
134	46	0
465	46	0
130	46	0
489	46	0
256	46	0
128	46	0
402	46	0
60	46	0
112	731	0
16	731	0
18	731	0
254	731	0
214	731	0
46	731	0
240	731	0
55	731	0
177	731	0
742	731	0
219	731	0
28	731	0
17	731	0
548	899	1
951	899	1
833	899	1
119	899	1
839	899	1
219	899	1
937	899	0
130	899	0
89	899	0
12	899	0
699	899	0
105	899	0
238	899	0
121	899	0
268	899	0
345	899	0
569	899	0
243	899	0
458	899	0
399	899	0
543	899	0
918	899	0
134	899	0
41	899	0
95	899	0
899	899	0
7	899	0
465	899	0
221	899	0
546	899	0
723	899	0
518	221	1
405	221	1
917	221	1
209	221	1
113	221	1
12	221	1
44	221	0
958	221	0
396	221	0
862	221	0
121	221	0
334	221	0
41	221	0
28	221	0
265	221	0
859	221	0
913	221	0
918	221	0
95	221	0
197	221	0
214	221	0
239	221	0
130	221	0
190	221	0
951	221	0
754	221	0
268	221	0
22	221	0
140	221	0
934	221	0
945	221	0
723	221	0
13	221	0
611	221	0
564	221	0
124	221	0
368	221	0
930	221	0
42	221	0
367	221	0
583	221	0
238	221	0
569	221	0
371	221	0
105	221	0
838	221	0
200	221	0
899	221	0
360	221	0
166	221	0
955	221	0
573	221	0
255	221	0
881	221	0
284	221	0
97	221	0
443	507	1
22	507	1
63	507	1
61	507	1
54	507	1
221	507	1
517	507	1
258	507	1
345	507	1
191	507	1
338	507	1
134	507	1
211	507	1
712	507	0
240	507	0
794	507	0
759	507	0
13	507	0
384	507	0
121	507	0
505	507	0
336	507	0
828	507	0
580	507	0
489	507	0
7	507	0
330	507	0
130	507	0
608	507	0
95	507	0
734	507	0
143	507	0
984	507	0
18	507	0
85	507	0
11	507	0
243	507	0
190	507	0
723	17	1
343	17	1
839	17	1
871	17	0
737	17	0
489	17	0
364	17	0
822	17	0
330	17	0
158	17	0
834	17	0
831	17	0
517	17	0
550	17	0
247	17	0
415	17	0
102	17	0
183	17	0
899	17	0
168	17	0
951	934	0
913	934	0
130	934	0
611	934	0
699	934	0
288	934	0
128	934	0
465	934	0
282	934	0
121	934	0
608	934	0
103	934	0
284	934	0
86	934	0
914	934	0
426	224	1
11	224	1
424	224	1
46	224	1
265	224	1
407	224	1
61	224	1
23	224	1
233	224	1
699	224	1
6	224	1
54	224	1
367	224	1
44	224	1
10	224	1
113	224	0
545	224	0
134	224	0
247	224	0
268	224	0
281	224	0
284	224	0
465	224	0
445	224	0
600	224	0
237	224	0
122	224	0
214	224	0
253	224	0
294	224	0
564	224	0
29	224	0
265	278	1
324	278	1
140	278	1
491	278	1
238	278	1
274	278	1
776	278	1
349	278	1
322	278	0
121	278	0
11	278	0
534	278	0
575	278	0
247	278	0
7	278	0
12	278	0
794	278	0
759	278	0
862	278	0
913	278	0
130	278	0
807	278	0
46	278	0
757	278	0
809	278	0
564	278	0
979	278	0
83	278	0
14	278	0
224	278	0
517	278	0
10	278	0
415	278	0
838	278	0
505	278	0
803	278	0
200	278	0
988	278	0
61	278	0
761	278	0
284	278	0
25	278	0
444	278	0
390	278	0
168	278	0
401	278	0
833	243	1
723	243	1
259	243	1
189	243	1
812	243	1
180	243	1
158	243	1
349	243	1
239	243	1
841	243	0
121	243	0
130	243	0
294	243	0
708	243	0
422	243	0
123	243	0
394	243	0
605	243	0
539	243	0
803	243	0
537	243	0
510	243	0
930	243	0
221	243	0
897	243	0
848	243	0
901	243	0
752	243	0
29	243	0
608	243	0
603	243	0
13	219	1
258	219	1
501	219	1
299	219	1
302	219	1
224	219	1
218	219	1
226	219	1
34	219	1
22	219	1
136	219	1
256	219	1
630	219	1
62	219	1
345	219	0
169	219	0
280	219	0
313	219	0
103	219	0
203	219	0
289	219	0
102	219	0
965	219	0
134	219	0
239	219	0
127	219	0
241	219	0
394	219	0
4	219	0
458	219	0
343	219	0
54	219	0
752	219	0
133	219	0
564	219	0
257	219	0
330	219	0
168	219	0
104	219	0
452	190	1
851	190	1
870	190	1
302	190	1
989	190	1
605	190	1
28	190	1
648	190	1
214	190	1
41	190	1
833	190	1
546	190	1
10	190	1
925	190	1
405	190	1
397	190	1
50	190	1
306	190	1
165	190	1
49	190	1
854	190	1
191	190	1
85	190	1
858	190	0
957	190	0
435	190	0
919	190	0
841	190	0
598	190	0
282	190	0
927	190	0
345	190	0
477	190	0
575	190	0
454	190	0
253	190	0
548	190	0
955	190	0
465	190	0
121	190	0
61	190	0
130	190	0
390	190	0
35	190	0
596	190	0
444	190	0
124	190	0
103	190	0
288	190	0
838	190	0
623	190	0
518	190	0
350	190	0
759	190	0
197	36	1
191	36	1
208	36	1
608	36	1
214	36	0
240	36	0
114	36	0
833	36	0
827	36	0
814	36	0
545	36	0
957	36	0
17	36	0
112	36	0
224	36	0
12	36	0
200	36	0
505	36	0
221	36	0
44	36	0
573	36	0
758	36	0
899	36	0
231	36	0
59	36	0
913	36	0
723	36	0
841	36	0
282	36	0
871	36	0
517	36	0
125	871	1
814	871	1
863	871	1
61	871	1
365	871	1
58	871	1
239	871	1
873	871	1
355	871	1
68	871	1
862	871	1
856	871	1
12	871	1
266	871	1
217	871	1
545	871	0
238	871	0
240	871	0
390	871	0
284	871	0
364	871	0
324	871	0
302	871	0
531	871	0
505	871	0
754	871	0
112	871	0
105	871	0
172	871	0
611	871	0
276	871	0
913	871	0
190	871	0
356	871	0
11	871	0
44	871	0
708	871	0
620	871	0
165	871	0
183	871	0
309	871	0
60	871	0
221	871	0
881	871	0
25	871	0
85	871	0
853	871	0
45	871	0
477	871	0
123	871	0
564	871	0
296	871	0
136	871	0
191	871	0
168	871	0
393	871	0
296	324	1
447	324	1
13	324	1
219	324	1
915	324	1
42	324	1
375	324	1
435	324	1
128	324	1
221	324	1
445	324	1
548	324	1
157	324	1
105	324	1
60	324	1
169	324	1
402	324	1
462	324	1
477	324	1
620	324	1
171	324	1
114	324	1
505	324	1
414	324	1
266	324	1
209	324	1
190	324	1
32	324	1
247	324	1
365	324	1
80	324	1
44	324	1
817	324	1
699	324	1
349	324	1
833	324	1
98	324	1
29	324	1
988	324	1
415	324	1
268	324	0
123	324	0
122	324	0
331	324	0
637	324	0
134	324	0
322	324	0
496	324	0
11	324	0
61	324	0
465	324	0
58	324	0
396	324	0
129	324	0
913	324	0
121	324	0
189	324	0
237	324	0
862	324	0
759	324	0
957	324	0
15	324	0
211	324	0
12	324	0
249	324	0
166	324	0
591	324	0
380	324	0
113	324	0
38	98	1
121	98	0
608	98	0
54	98	0
18	98	0
528	98	0
406	98	0
127	98	0
282	98	0
34	98	0
620	98	0
12	98	0
157	98	0
11	98	0
16	98	0
162	98	0
822	98	0
281	98	0
6	98	0
113	98	0
211	98	0
44	98	0
368	98	0
95	98	0
352	98	0
28	98	0
794	98	0
754	98	0
112	98	0
59	98	0
134	98	0
723	927	1
505	927	1
394	927	0
231	927	0
858	927	0
190	927	0
396	927	0
548	927	0
130	927	0
28	927	0
85	927	0
124	927	0
934	927	0
239	927	0
214	927	0
955	927	0
838	927	0
255	927	0
306	927	0
221	927	0
881	927	0
284	927	0
939	927	0
385	927	0
839	927	0
569	927	0
44	927	0
221	169	1
345	169	1
13	169	1
28	169	1
360	169	1
814	169	1
182	169	1
365	169	1
209	169	1
447	169	0
134	169	0
121	169	0
574	169	0
414	169	0
517	169	0
827	169	0
240	169	0
214	169	0
390	169	0
151	169	0
506	169	0
957	169	0
834	169	0
862	169	0
918	169	0
10	169	0
95	169	0
112	169	0
913	169	0
318	169	0
444	169	0
575	169	0
596	169	0
515	169	0
608	169	0
831	169	0
943	169	0
130	169	0
259	169	0
12	169	0
801	169	0
46	169	1
279	169	1
849	169	1
16	169	1
162	169	1
366	169	1
496	169	0
18	169	0
133	169	0
128	169	0
113	169	0
281	169	0
742	169	0
208	169	0
930	169	0
54	169	0
282	169	0
196	169	0
255	169	0
230	169	0
256	169	0
59	169	0
46	96	1
71	96	1
710	96	1
839	96	1
640	96	1
226	96	1
93	96	1
10	96	1
278	96	1
926	96	0
121	96	0
612	96	0
64	96	0
281	96	0
596	96	0
360	96	0
239	96	0
130	96	0
605	96	0
85	96	0
134	96	0
549	96	0
128	96	0
127	96	0
308	96	0
930	96	0
506	96	0
214	96	0
11	96	0
268	96	0
548	96	0
95	96	0
58	96	0
338	96	0
334	96	0
112	96	0
183	96	0
359	96	0
6	96	0
608	96	0
284	96	0
287	96	0
190	96	0
257	96	0
614	96	0
330	96	0
824	96	0
794	96	0
984	96	0
674	96	0
196	96	0
256	96	0
888	96	0
575	96	0
488	96	0
436	96	0
61	41	1
841	41	1
12	41	1
38	41	1
222	41	1
723	41	1
85	41	1
913	41	1
63	41	1
86	41	1
197	41	1
23	41	1
59	41	1
80	41	1
32	41	1
94	41	1
307	41	1
851	41	1
134	41	0
971	41	0
25	41	0
214	41	0
858	41	0
121	41	0
611	41	0
29	41	0
28	41	0
10	41	0
128	41	0
243	41	0
238	41	0
324	41	0
548	41	0
752	41	0
296	41	0
824	41	0
162	41	0
124	41	0
103	41	0
896	41	0
608	41	0
963	41	0
855	41	0
710	41	0
951	41	0
860	41	0
581	41	0
283	140	1
984	140	1
18	140	1
366	140	1
350	140	1
772	140	1
128	140	1
136	140	1
134	140	1
47	140	1
965	140	0
114	140	0
281	140	0
824	140	0
586	140	0
426	140	0
102	140	0
352	140	0
112	140	0
437	140	0
239	140	0
707	140	0
10	140	0
596	140	0
402	140	0
693	140	0
121	140	0
601	140	0
551	140	0
113	140	0
913	140	0
249	140	0
240	140	0
330	140	0
269	140	0
7	140	0
496	140	0
325	140	0
858	612	0
371	612	0
913	612	0
63	612	0
922	612	0
247	612	0
820	612	0
833	612	0
284	612	0
930	612	0
963	612	0
268	612	0
189	612	0
611	612	0
41	612	0
190	612	0
841	612	0
862	612	0
415	334	1
46	334	1
10	334	1
443	334	1
342	334	1
283	334	1
712	334	1
166	334	1
28	334	1
77	334	1
507	334	1
258	334	1
34	334	1
256	334	1
267	334	1
85	334	1
387	334	1
249	334	1
207	334	1
851	334	1
986	334	1
209	334	1
909	334	1
306	334	1
280	334	0
394	334	0
121	334	0
965	334	0
468	334	0
247	334	0
794	334	0
318	334	0
130	334	0
128	334	0
294	334	0
287	334	0
477	334	0
281	334	0
123	334	0
984	334	0
330	334	0
586	334	0
930	334	0
585	334	0
824	334	0
367	334	0
288	334	0
124	334	0
454	334	0
168	334	0
445	334	0
298	402	1
42	402	1
360	402	1
988	402	0
77	402	0
166	402	0
394	402	0
833	402	0
13	402	0
545	402	0
44	402	0
202	402	0
46	402	0
124	402	0
134	402	0
230	402	0
794	402	0
415	402	0
112	402	0
302	402	0
396	402	0
517	402	0
168	402	0
54	402	0
605	699	1
298	699	1
723	699	1
839	699	1
265	699	1
214	699	1
331	699	1
811	699	1
183	699	1
505	699	1
364	699	1
409	699	1
87	699	1
339	699	1
93	699	1
12	699	1
517	699	1
112	699	1
59	699	1
342	699	1
85	699	1
165	699	1
833	699	1
148	699	1
98	699	1
267	699	1
447	699	1
15	699	1
86	699	1
856	699	1
852	699	1
294	699	1
125	699	1
249	699	1
190	699	1
108	699	1
102	699	1
561	699	1
217	699	1
731	699	1
371	699	1
194	699	1
843	699	1
874	699	1
286	699	1
276	699	1
377	699	1
422	699	1
166	699	0
510	699	0
75	699	0
827	699	0
630	699	0
465	699	0
229	699	0
436	699	0
225	699	0
83	699	0
859	699	0
596	699	0
849	699	0
71	699	0
297	699	0
575	699	0
585	699	0
913	699	0
238	699	0
260	699	0
986	699	0
318	699	0
897	699	0
25	699	0
221	699	0
333	699	0
752	699	0
352	699	0
123	699	0
699	699	0
11	699	0
151	699	0
864	699	0
754	699	0
759	699	0
124	699	0
591	699	0
965	699	0
345	699	0
445	699	0
643	699	0
281	699	0
211	699	0
29	699	0
87	7	1
63	7	1
193	7	1
518	7	1
858	7	0
268	7	0
164	7	0
899	7	0
575	7	0
281	7	0
859	7	0
238	7	0
221	283	1
119	283	1
517	283	1
871	283	1
394	283	1
415	283	1
278	283	1
814	283	1
62	283	1
207	283	1
301	283	1
330	283	1
822	283	0
112	283	0
172	283	0
853	283	0
803	283	0
393	283	0
243	283	0
80	283	0
605	283	0
708	283	0
29	283	0
477	283	0
816	283	0
699	283	0
967	283	0
824	283	0
576	283	0
822	839	1
951	839	1
899	839	1
41	839	1
723	839	1
267	839	1
12	839	1
165	839	1
871	839	1
214	839	0
918	839	0
465	839	0
345	839	0
240	839	0
334	839	0
546	839	0
394	839	0
360	839	0
105	839	0
108	839	0
309	839	0
699	839	0
987	839	0
113	839	0
548	839	0
284	839	0
134	839	0
221	839	0
103	839	0
151	839	0
44	839	0
838	839	0
390	839	0
752	839	0
180	839	0
86	371	1
605	371	1
718	371	1
699	371	1
755	371	1
105	371	1
607	371	1
211	371	1
63	371	1
339	371	1
548	371	1
841	371	1
518	371	1
169	371	1
209	371	1
114	371	1
134	371	1
871	371	1
589	371	1
608	371	1
866	371	1
45	371	1
59	371	1
182	371	1
268	371	1
44	371	1
637	371	1
136	371	1
323	371	1
349	371	1
42	371	1
158	371	1
135	371	1
776	371	1
546	371	1
233	371	1
82	371	1
294	371	1
83	371	1
12	371	1
445	371	1
272	371	1
530	371	1
29	371	0
172	319	1
803	319	1
222	319	1
38	319	1
224	319	1
963	319	1
191	319	1
371	319	1
273	319	1
28	319	1
971	319	1
874	319	1
879	319	1
86	319	1
637	319	1
83	319	1
569	319	1
143	319	1
350	319	1
414	319	1
186	319	1
435	319	1
328	319	1
450	319	1
12	319	1
840	319	1
272	319	1
158	319	1
69	319	1
197	319	1
50	319	1
605	319	1
159	319	1
124	319	1
893	319	1
32	319	1
114	319	1
193	319	0
757	28	1
230	28	1
224	28	1
211	28	1
841	28	1
963	28	1
916	28	1
41	28	1
265	28	1
69	28	1
222	28	1
971	28	1
186	28	1
803	28	1
605	28	1
193	28	1
94	28	1
158	28	1
754	28	1
616	28	1
32	28	1
123	28	1
871	28	1
124	28	1
431	28	1
569	28	1
494	28	1
915	28	1
359	28	1
164	28	1
86	28	1
429	28	1
169	28	1
370	28	1
62	28	1
189	28	1
874	28	1
344	28	1
510	28	1
63	28	1
560	816	1
298	816	1
59	816	1
607	816	1
637	816	1
239	816	1
338	816	1
507	816	1
435	816	1
377	816	1
224	816	1
407	816	1
15	816	1
458	816	1
591	816	1
464	816	1
878	816	1
323	816	1
963	816	1
86	816	1
190	816	1
971	816	1
997	816	1
105	816	1
25	816	1
445	816	1
394	816	0
114	816	0
371	296	1
918	296	1
86	296	1
59	296	1
231	296	1
841	296	1
971	296	1
342	296	1
356	296	1
10	296	1
581	296	1
15	296	1
135	296	1
94	296	1
824	296	1
169	296	1
957	296	1
866	296	1
926	296	1
44	296	1
355	296	1
7	296	1
573	296	1
249	296	1
114	296	1
166	296	0
770	296	0
530	296	0
123	296	0
959	296	0
103	296	0
715	608	1
307	608	1
94	608	1
105	608	1
918	608	1
667	608	1
885	608	1
399	608	1
963	608	1
42	608	1
159	608	1
103	608	1
363	608	1
572	608	1
554	608	1
158	608	1
803	608	1
884	608	1
83	608	1
114	608	1
86	608	1
169	608	1
294	608	1
113	608	1
108	608	1
515	608	1
469	608	1
456	608	1
134	608	1
815	608	1
580	608	1
123	608	1
365	608	1
557	608	1
128	608	1
534	608	1
547	608	1
63	608	1
230	608	1
23	608	1
414	608	1
874	608	1
894	608	1
939	608	1
431	608	1
871	608	1
59	608	1
92	608	1
402	608	1
151	608	1
548	608	1
86	539	1
605	539	1
224	539	1
83	539	1
128	539	1
212	539	1
918	539	1
841	539	1
214	539	1
637	539	1
12	539	1
548	539	1
276	539	1
323	539	1
863	539	1
866	539	1
392	539	1
80	539	1
191	539	1
268	539	0
431	539	0
342	575	1
268	575	1
224	575	1
113	575	1
135	575	1
172	575	1
158	575	1
159	575	1
971	575	1
447	575	1
375	575	1
878	575	1
83	575	1
42	575	1
947	575	1
134	575	1
349	575	1
580	575	1
114	575	1
10	575	1
537	575	1
80	575	1
834	575	1
548	575	1
169	575	1
12	575	1
699	575	1
867	575	1
190	575	1
233	370	1
298	370	1
102	370	1
454	370	1
42	370	1
858	370	1
356	370	1
963	370	1
354	370	1
409	370	1
323	370	1
971	370	1
32	370	1
294	370	1
871	370	1
214	370	1
342	370	1
59	370	1
136	370	1
955	370	1
128	370	1
125	370	1
133	370	1
80	370	1
607	370	1
581	370	1
55	370	1
718	370	1
410	370	1
526	370	1
123	370	1
114	370	1
140	370	1
445	370	1
281	370	1
431	370	1
974	370	0
222	548	1
7	548	1
841	548	1
367	548	1
518	548	1
224	548	1
338	548	1
239	548	1
191	548	1
605	548	1
997	548	1
340	548	1
166	548	1
28	548	1
83	548	1
637	548	1
118	548	1
454	548	1
94	548	0
613	548	0
323	548	0
935	548	0
611	548	0
824	548	0
126	548	0
352	548	0
121	548	0
128	548	0
879	803	1
94	803	1
605	803	1
224	803	1
866	803	1
570	803	1
42	803	1
63	803	1
526	803	1
572	803	1
350	803	1
780	803	1
377	803	1
409	803	1
468	803	1
66	803	1
265	803	1
143	803	1
515	803	1
105	803	1
169	803	1
124	803	1
22	803	1
963	803	1
693	803	1
298	803	1
28	803	1
449	803	1
268	803	1
294	803	1
938	803	1
841	803	1
871	803	1
414	803	1
323	803	1
454	803	1
191	803	1
296	803	1
19	803	1
573	803	1
80	803	1
456	803	1
151	803	1
171	803	1
818	803	1
193	803	1
324	803	1
121	803	1
82	803	1
923	803	1
83	803	1
236	803	0
653	803	0
859	803	0
379	803	0
390	803	0
884	803	0
883	803	0
419	803	0
133	803	0
278	803	0
618	803	0
757	803	0
710	447	1
381	447	1
359	447	1
182	447	1
371	447	1
803	447	1
38	447	1
916	447	1
613	447	1
28	447	1
37	447	1
407	447	1
113	447	1
458	447	1
971	447	1
646	447	1
445	447	1
105	447	1
121	447	1
499	447	1
585	447	1
80	447	1
186	447	1
642	447	1
653	447	1
515	447	1
349	447	1
879	447	1
12	447	1
307	447	1
945	447	1
50	447	1
62	447	1
470	447	1
874	447	1
970	447	1
582	447	1
583	447	1
377	447	1
865	447	1
288	447	1
617	447	1
436	447	1
126	447	0
61	447	0
140	354	1
922	354	1
371	354	1
233	354	1
963	354	1
307	354	1
224	354	1
961	354	1
918	354	1
83	354	1
135	354	1
50	354	1
355	354	1
323	354	1
59	354	1
393	354	1
871	354	1
342	354	1
278	354	1
515	354	1
324	354	1
641	354	1
974	354	0
390	354	0
121	354	0
134	354	0
164	354	0
997	354	0
611	354	0
955	354	0
754	354	0
677	354	0
25	354	0
801	354	0
296	354	0
83	105	1
28	105	1
298	105	1
613	105	1
754	105	1
194	105	1
265	105	1
191	105	1
32	105	1
158	105	1
963	105	1
41	105	1
916	105	1
324	105	1
614	105	1
938	105	1
328	105	1
841	105	1
7	105	1
981	105	1
249	105	1
569	105	1
186	105	1
643	105	1
365	105	1
114	105	1
209	105	1
596	105	1
874	105	1
62	105	1
456	105	1
124	105	1
445	105	1
268	105	0
281	105	0
123	105	0
616	105	0
125	105	0
915	105	0
347	105	0
339	105	0
264	105	0
323	105	0
344	105	0
816	617	1
28	617	1
407	617	1
997	617	1
464	617	1
955	617	1
68	617	1
158	617	1
371	617	1
367	617	1
871	617	1
360	617	1
391	617	1
911	617	1
583	617	1
986	617	1
140	617	1
222	617	1
608	617	1
214	617	1
340	617	1
574	617	1
981	617	1
166	617	1
376	617	1
122	617	1
626	617	1
904	617	1
44	617	1
873	617	1
349	617	1
303	617	1
105	617	1
118	617	1
135	617	1
268	617	0
469	617	0
29	617	0
136	42	1
28	42	1
224	42	1
41	42	1
171	42	1
15	42	1
268	42	1
186	42	1
866	42	1
328	42	1
214	42	1
613	42	1
608	42	1
114	42	1
307	42	1
393	42	1
491	42	0
123	42	0
879	171	1
113	171	1
352	171	1
671	171	1
28	171	1
158	171	1
265	171	1
86	171	1
841	171	1
642	171	1
981	171	1
971	171	1
409	171	1
349	171	1
499	171	1
613	171	1
820	171	1
328	171	1
159	171	1
281	171	0
169	113	1
135	113	1
537	113	1
190	113	1
491	113	1
224	113	1
7	113	1
288	113	1
776	113	1
134	113	1
44	113	1
157	113	1
783	113	1
841	113	1
114	113	1
394	113	1
530	113	1
370	113	1
462	113	1
210	113	1
324	113	1
846	113	1
971	113	1
803	113	1
105	113	1
208	113	1
233	113	1
252	113	1
445	113	1
172	113	1
981	113	1
10	113	1
350	113	1
180	113	1
166	113	1
454	113	1
456	113	1
204	113	1
230	113	1
776	412	1
102	412	1
121	412	1
209	412	1
608	412	1
233	412	1
32	412	1
134	412	1
261	412	1
298	412	1
394	412	1
526	412	1
961	412	1
989	412	1
572	412	1
191	412	1
613	412	1
871	412	1
82	412	1
839	412	1
274	412	1
837	412	1
63	412	1
323	412	1
905	412	1
454	412	1
197	412	1
294	412	1
10	412	1
114	412	1
25	412	1
370	412	1
118	412	1
611	412	0
352	412	0
454	290	1
113	290	1
323	290	1
140	290	1
971	290	1
637	290	1
841	290	1
278	290	1
32	290	1
186	290	1
209	290	1
581	290	1
360	290	1
583	290	1
342	290	1
515	290	1
7	290	1
339	290	1
82	290	1
356	290	1
133	290	1
261	290	1
878	290	1
171	290	1
843	290	1
127	290	0
281	290	0
394	290	0
323	164	1
113	164	1
884	164	1
114	164	1
803	164	1
294	164	1
637	164	1
307	164	1
932	164	1
158	164	1
44	164	1
197	164	1
214	164	1
182	164	1
570	164	1
530	164	1
189	164	1
608	164	1
29	164	1
268	164	1
398	164	1
193	164	1
491	164	0
114	94	1
86	94	1
350	94	1
135	94	1
66	94	1
233	94	1
971	94	1
105	94	1
143	94	1
282	94	1
268	94	1
608	94	1
572	94	1
562	94	1
356	94	1
841	94	1
83	94	1
938	94	1
292	94	1
583	94	1
342	94	1
136	94	1
656	94	1
204	94	1
323	94	1
874	94	1
956	94	1
191	94	1
380	94	1
260	94	1
873	94	1
19	94	1
344	94	1
409	94	1
918	94	1
879	94	1
424	94	1
158	94	1
224	94	1
783	94	1
447	94	1
290	94	1
923	94	1
236	94	0
548	94	0
365	94	0
859	94	0
133	94	0
247	94	0
379	94	0
39	94	0
689	94	0
820	94	0
450	94	0
730	94	0
602	94	0
957	94	0
126	94	0
770	94	0
124	94	0
121	94	0
265	94	0
164	94	0
557	94	0
193	94	0
535	94	0
214	94	0
601	94	0
469	94	0
10	94	0
371	284	1
367	284	1
105	284	1
927	284	1
839	284	1
435	284	1
118	284	1
86	284	1
122	284	1
10	284	1
356	284	1
191	284	1
8	284	1
151	284	1
249	284	1
42	284	1
134	284	0
121	284	0
858	284	0
123	284	0
560	284	0
281	284	0
164	284	0
859	284	0
128	284	0
396	323	1
961	323	1
209	323	1
537	323	1
239	323	1
222	323	1
86	323	1
128	323	1
611	323	1
915	323	1
134	323	1
114	323	1
169	323	1
49	323	1
518	323	1
159	323	1
249	323	1
370	323	1
94	323	1
298	323	1
974	323	1
230	323	1
605	323	1
69	323	1
166	323	1
123	323	0
997	583	1
371	583	1
42	583	1
222	583	1
611	583	1
617	583	1
963	583	1
961	583	1
608	583	1
190	583	1
12	583	1
971	583	1
868	583	1
59	583	1
58	583	1
899	583	1
15	583	1
454	583	1
186	583	1
614	583	1
7	583	1
342	583	1
444	583	1
298	583	1
571	583	1
562	583	1
209	583	1
91	583	1
605	583	1
44	583	1
947	583	1
435	583	1
191	583	1
118	583	1
757	583	1
394	583	0
230	661	1
371	661	1
464	661	1
265	661	1
253	661	1
186	661	1
971	661	1
193	661	1
276	661	1
28	661	1
841	661	1
32	661	1
86	661	1
393	661	1
863	661	1
36	661	1
918	661	1
637	661	1
225	661	1
204	661	1
660	661	1
29	661	0
164	661	0
963	661	0
831	151	1
961	151	1
816	151	1
963	151	1
28	151	1
454	151	1
405	151	1
770	151	1
12	151	1
284	151	1
427	151	1
871	151	1
367	151	1
997	151	1
955	151	1
971	151	1
391	151	1
605	151	1
911	151	1
190	151	1
83	151	1
342	151	1
214	151	1
340	151	1
518	151	1
197	151	1
617	151	1
803	151	1
118	151	1
68	151	1
44	151	1
281	151	0
581	239	1
407	239	1
356	239	1
414	239	1
589	239	1
134	239	1
323	239	1
32	239	1
371	239	1
518	239	1
350	239	1
390	239	0
123	239	0
356	206	1
166	206	1
323	206	1
841	206	1
371	206	1
491	206	1
169	206	1
210	206	1
224	206	1
214	206	1
190	206	1
874	206	1
134	206	1
444	206	1
445	206	1
418	206	1
758	206	1
10	206	1
182	206	1
554	206	1
7	206	1
105	206	1
309	206	1
113	605	1
59	605	1
298	605	1
914	605	1
342	605	1
222	605	1
182	605	1
324	605	1
28	605	1
537	605	1
873	605	1
230	605	1
491	605	1
955	605	1
447	605	1
356	605	1
233	605	1
134	605	1
50	605	1
462	605	1
123	605	1
45	605	1
180	605	1
743	605	1
44	605	1
957	605	1
871	605	1
148	605	1
667	605	1
190	605	1
82	605	1
542	605	1
114	605	1
879	605	1
863	605	1
214	605	0
488	439	0
265	439	0
172	439	0
866	439	0
164	439	0
671	439	0
113	439	0
222	439	0
754	439	0
28	439	0
222	193	1
10	193	1
15	193	1
915	193	0
957	193	0
510	193	0
94	193	0
971	193	0
214	193	0
253	193	0
135	193	0
239	193	0
963	193	0
231	193	0
44	127	1
200	127	1
816	127	1
209	127	1
281	127	0
390	127	0
238	127	0
105	127	0
841	127	0
61	127	0
858	127	0
28	127	0
465	127	0
913	127	0
963	127	0
126	127	0
971	127	0
134	127	0
214	127	0
249	127	0
284	127	0
938	233	1
323	233	1
113	233	1
918	233	0
605	233	0
396	233	0
963	233	0
135	233	0
971	233	0
922	233	0
670	233	0
193	233	0
28	233	0
818	843	1
278	843	1
86	843	1
548	843	1
281	843	0
105	843	0
148	843	0
123	843	0
489	843	0
28	843	0
997	843	0
833	843	0
611	843	0
122	843	0
454	843	0
29	843	0
134	843	0
956	843	0
963	843	0
44	843	0
871	843	0
560	843	0
214	843	0
294	843	0
224	843	0
971	843	0
367	843	0
855	843	0
25	843	0
284	843	0
238	843	0
570	843	0
172	112	1
776	112	1
585	112	1
266	112	1
44	112	1
458	112	1
973	112	1
143	112	1
959	112	1
344	112	1
916	112	1
394	112	1
352	112	1
260	112	0
646	112	0
803	112	0
963	112	0
83	112	0
754	112	0
710	112	0
489	112	0
288	112	0
7	112	0
328	112	0
436	112	0
103	112	0
69	112	0
303	112	0
921	112	0
548	112	0
276	112	0
169	933	1
135	933	0
841	933	0
613	933	0
449	933	0
963	933	0
105	933	0
83	933	0
971	933	0
193	933	0
233	328	1
105	328	0
918	328	0
214	328	0
222	611	1
102	611	1
49	611	1
963	611	0
105	611	0
489	611	0
839	611	0
164	611	0
394	611	0
570	611	0
38	957	1
971	957	1
191	957	1
449	957	1
938	957	1
323	957	1
581	957	1
82	957	1
874	957	1
224	957	1
80	957	1
222	957	1
86	957	1
113	957	1
204	957	1
59	957	1
402	957	1
61	957	1
118	957	1
519	957	0
841	957	0
394	957	0
447	957	0
171	957	0
653	957	0
211	957	0
445	957	0
273	957	0
296	957	0
193	957	0
356	957	0
44	957	0
114	957	0
134	957	0
623	957	0
918	957	0
86	169	1
265	169	1
191	169	1
841	169	1
548	169	1
29	169	1
938	169	1
62	169	1
328	169	1
164	169	0
126	169	0
971	169	0
83	169	0
298	169	0
41	169	0
963	169	0
61	169	0
491	169	0
613	169	0
398	169	0
494	169	0
449	169	0
582	169	0
69	169	0
339	169	0
105	169	0
670	169	0
454	169	1
407	169	1
884	169	0
837	284	1
866	284	1
69	284	1
14	284	0
613	284	0
41	284	0
303	284	0
491	284	0
754	284	0
77	367	1
997	367	1
94	367	1
340	367	1
611	367	1
445	367	1
575	367	1
136	367	1
841	367	1
911	367	1
607	367	1
409	367	1
45	367	1
536	367	1
145	367	1
984	367	1
223	367	1
915	367	1
61	367	1
971	367	1
454	367	1
831	367	1
224	367	1
878	367	1
10	367	1
182	367	1
452	367	1
296	367	1
255	367	0
281	367	0
710	367	0
29	367	0
123	367	0
974	367	0
859	367	0
858	367	0
507	367	0
465	367	0
554	367	0
122	367	0
125	367	0
561	367	0
140	367	0
121	367	0
390	367	0
494	367	0
133	367	0
126	367	0
211	367	0
166	367	0
134	367	0
130	367	0
668	367	0
414	367	0
456	367	0
186	367	0
803	367	0
294	367	0
730	367	0
371	906	0
158	906	0
605	906	0
214	906	0
59	906	0
29	272	1
324	272	1
194	272	1
884	272	1
28	272	1
265	272	1
307	272	1
15	272	1
488	272	1
803	272	1
342	272	1
170	272	1
290	272	1
164	272	1
249	272	1
355	272	1
377	272	1
197	272	1
733	272	1
124	272	1
44	272	1
123	272	0
803	307	1
394	307	1
68	307	1
872	307	1
224	307	1
206	307	1
589	307	1
28	307	1
431	307	1
324	307	1
15	307	1
29	307	1
158	307	1
879	307	1
407	307	1
128	307	1
170	307	1
840	307	1
829	307	1
62	307	1
114	307	1
548	307	1
103	307	1
197	307	1
268	307	0
281	307	0
90	444	1
803	444	1
820	444	1
959	444	1
871	444	1
460	444	1
571	444	1
355	444	1
80	444	1
224	444	1
646	444	1
28	444	1
265	444	1
841	444	1
307	444	1
573	444	1
519	444	1
354	444	1
15	444	1
744	444	1
349	444	1
197	444	1
94	444	1
83	444	1
114	444	1
353	444	1
658	444	0
105	444	0
121	444	0
465	444	0
390	444	0
365	444	0
323	670	1
841	670	1
162	670	1
230	670	1
224	670	1
971	670	1
328	670	1
253	670	1
136	670	1
356	670	1
569	670	1
28	670	1
607	670	1
546	670	1
445	670	1
454	670	1
733	670	1
186	670	1
166	670	1
170	670	1
61	670	1
324	670	0
820	434	1
124	434	1
359	434	1
28	434	1
83	434	1
249	434	1
307	434	1
224	434	1
447	434	1
214	434	1
710	434	1
573	434	1
61	434	1
342	434	1
827	434	0
281	434	0
803	434	0
291	434	0
290	434	0
126	434	0
370	434	0
260	434	0
737	434	0
255	434	0
637	434	0
133	434	0
530	434	0
445	434	0
447	282	1
826	282	1
570	282	1
356	282	1
737	282	1
373	282	1
820	282	1
264	282	1
265	282	1
325	282	1
90	282	1
963	282	1
355	282	1
349	282	1
80	282	1
494	282	1
803	282	1
19	282	1
390	282	1
50	282	1
61	282	1
197	282	1
103	282	1
429	282	1
641	282	1
977	282	1
823	282	1
232	282	1
124	282	0
803	339	1
841	339	1
224	339	1
641	339	1
407	339	1
307	339	1
820	339	1
377	339	1
356	339	1
464	339	1
355	339	1
61	339	1
313	339	1
197	339	1
585	339	1
15	339	1
375	339	1
204	339	1
879	339	1
827	339	0
38	407	1
589	407	1
841	407	1
803	407	1
265	407	1
359	407	1
871	407	1
28	407	1
128	407	1
127	407	1
325	407	1
339	407	1
349	407	1
191	407	1
307	407	1
959	407	1
370	407	1
608	407	1
83	407	1
444	407	1
171	407	1
915	407	1
922	407	1
569	407	1
971	407	1
977	407	1
462	407	1
646	407	1
823	407	1
353	407	1
298	407	0
124	573	1
253	573	1
61	573	1
365	573	1
637	573	1
28	573	1
803	573	1
377	573	1
356	573	1
871	573	1
206	573	1
128	573	1
224	573	1
783	573	1
388	573	1
76	573	1
194	573	1
158	573	1
32	573	1
44	573	1
102	573	1
150	573	1
198	573	1
191	573	1
186	573	1
69	573	1
379	573	1
546	573	1
772	573	0
126	573	0
164	573	0
281	573	0
121	573	0
859	573	0
598	573	0
133	573	0
827	573	0
123	573	0
585	573	0
125	573	0
224	157	1
445	157	1
172	157	1
971	157	1
841	157	1
12	157	1
307	157	1
409	157	1
75	157	1
602	157	1
191	157	1
7	157	1
546	157	1
230	157	1
214	157	1
66	157	1
133	157	0
126	157	0
281	157	0
803	157	0
737	157	0
840	884	1
191	884	1
186	884	1
182	884	1
28	884	1
307	884	1
268	884	1
249	884	1
963	884	1
197	884	1
15	884	1
14	884	1
585	884	1
253	884	1
162	884	1
342	884	1
133	884	1
371	884	1
135	884	1
158	884	1
971	884	1
68	884	1
613	884	1
214	884	1
252	884	1
407	884	1
272	884	1
29	884	1
294	884	1
281	884	0
570	494	1
884	494	1
841	494	1
981	494	1
328	494	1
971	494	1
871	494	1
83	494	1
186	494	1
86	494	1
68	494	1
879	494	1
363	494	1
171	494	1
300	494	1
685	494	1
222	494	1
274	494	1
409	494	1
520	494	1
32	494	1
191	494	1
803	494	1
436	494	1
288	494	1
214	494	1
526	494	1
225	494	1
50	494	1
150	494	1
87	494	1
458	494	1
820	494	1
874	494	1
922	494	1
164	494	1
916	494	1
155	494	1
180	494	1
585	494	0
365	494	0
281	494	0
352	494	0
123	494	0
589	744	1
268	744	1
264	744	1
159	744	1
407	744	1
827	744	1
224	744	1
68	744	1
359	744	1
19	744	1
971	744	1
28	744	1
637	744	1
103	744	1
86	744	1
197	744	1
214	744	1
454	744	1
959	744	0
390	744	0
123	744	0
126	744	0
803	744	0
959	896	1
963	896	1
224	896	1
589	896	1
365	896	1
264	896	1
715	896	1
803	896	1
170	896	1
429	896	1
75	823	1
700	823	1
646	823	1
996	823	1
426	823	1
355	823	1
874	823	1
49	823	1
351	823	1
126	823	1
356	823	1
871	823	1
342	823	1
462	823	1
159	823	1
803	823	1
820	823	1
617	823	1
394	823	1
393	823	1
123	823	1
197	823	1
145	823	1
294	823	1
641	823	1
953	823	1
829	823	1
102	823	1
68	823	1
128	823	1
629	823	1
802	823	1
361	823	1
585	823	1
447	823	0
376	823	0
436	823	0
379	823	0
265	823	0
963	823	0
858	823	0
915	823	0
465	823	0
507	823	0
62	823	0
623	823	0
236	823	0
883	823	0
166	823	0
124	823	0
882	940	1
80	940	1
268	940	1
526	940	1
68	940	1
105	940	1
589	940	1
454	940	1
339	940	1
444	940	1
370	940	1
971	940	1
61	940	1
32	940	1
569	940	1
879	940	1
62	940	1
298	940	1
114	940	1
868	940	1
307	81	1
80	81	1
83	81	1
447	81	1
210	81	1
608	81	1
158	81	1
410	81	1
569	81	1
445	81	1
444	81	1
754	81	1
50	81	1
744	81	1
971	81	1
249	81	1
582	81	1
458	81	1
12	81	1
103	81	1
938	81	1
94	81	1
967	81	1
98	81	1
362	841	1
186	841	1
307	841	1
884	841	1
569	841	1
63	841	1
80	841	1
164	841	1
105	841	1
407	841	1
272	841	1
191	841	1
29	841	1
296	841	1
370	841	1
938	841	1
265	841	1
169	841	1
637	841	1
170	841	1
294	841	1
454	841	1
69	841	1
573	841	1
879	841	1
172	841	1
44	841	1
194	841	1
86	351	1
915	351	1
447	351	1
342	351	1
841	351	1
224	351	1
407	351	1
871	351	1
879	351	1
80	351	1
570	351	1
210	351	1
444	351	1
627	351	1
653	351	1
494	351	1
642	351	1
781	351	1
125	351	1
922	351	1
827	351	0
834	351	0
959	351	0
365	351	0
617	351	0
465	351	0
460	351	0
29	351	0
264	351	0
519	351	0
535	351	0
352	351	0
294	351	0
197	449	1
281	449	1
307	449	1
230	449	1
704	449	1
967	449	1
778	449	1
377	449	1
810	449	1
583	449	1
620	449	1
872	449	1
102	449	1
15	449	1
370	449	1
164	449	0
61	449	0
69	449	0
959	449	0
841	449	0
94	449	0
133	449	0
393	449	0
291	449	0
121	449	0
971	449	0
105	449	0
296	449	0
356	449	0
458	449	0
166	449	0
737	449	0
394	449	0
963	449	0
123	449	0
772	449	0
170	449	0
827	449	0
211	449	0
530	449	0
365	449	0
407	803	1
23	803	1
87	803	1
429	803	1
593	803	1
820	803	1
86	803	1
61	803	1
264	803	1
128	803	1
62	803	1
460	803	0
465	803	0
959	803	0
737	803	0
90	803	0
585	803	0
162	803	0
347	803	0
507	803	0
123	803	0
355	634	1
224	634	1
61	634	1
62	634	1
585	634	1
803	634	1
609	634	1
80	634	1
38	634	1
19	634	1
15	634	1
272	634	1
166	634	1
170	634	1
124	754	1
915	754	1
38	754	1
164	754	1
29	754	1
436	754	1
820	754	1
884	754	1
963	754	1
214	754	1
573	754	1
224	754	1
324	754	1
841	754	1
126	754	1
162	754	1
938	754	1
940	754	1
370	754	1
123	754	0
291	754	0
125	754	0
616	754	0
339	535	1
323	535	1
260	535	1
520	535	1
19	535	1
162	535	1
307	535	1
224	535	1
872	535	1
577	535	1
349	535	1
102	535	1
390	535	1
637	535	1
569	535	1
585	535	1
840	535	1
76	535	1
211	535	1
803	535	1
589	535	1
573	535	1
170	535	1
204	535	1
164	535	0
383	535	0
963	535	0
456	535	0
623	535	0
133	535	0
394	535	0
28	158	1
281	158	1
407	158	1
224	158	1
125	158	1
159	158	1
352	158	1
291	158	1
323	158	1
617	158	1
265	158	1
841	158	1
737	158	1
324	158	1
124	158	1
290	158	1
32	158	1
445	158	1
121	158	0
23	158	0
388	158	0
963	510	1
642	510	1
211	510	1
608	510	1
224	510	1
15	510	1
124	510	1
28	510	1
166	510	1
95	510	1
393	510	1
68	510	1
372	510	1
546	510	1
324	510	1
197	510	1
356	510	1
328	510	1
407	510	1
170	510	1
733	510	1
349	510	1
634	510	1
86	510	1
126	510	1
530	510	1
445	510	1
458	510	1
80	510	1
14	510	1
158	510	1
294	510	1
407	642	1
298	642	1
307	642	1
272	642	1
28	642	1
38	642	1
803	642	1
703	642	1
125	642	1
68	642	1
105	642	0
841	642	0
394	642	0
959	642	0
124	642	0
166	642	0
637	288	1
124	288	1
224	288	1
407	288	1
44	288	1
733	288	1
520	288	1
162	288	1
349	288	1
356	288	1
328	288	1
879	288	1
871	288	1
249	288	1
294	288	1
409	288	1
530	288	1
127	820	1
249	820	1
803	820	1
15	820	1
224	820	1
407	820	1
265	820	1
28	820	1
582	820	1
339	820	1
879	820	1
63	820	1
126	820	1
494	820	1
166	820	1
323	820	1
882	561	1
871	561	1
12	561	1
355	561	1
963	561	1
841	561	1
61	561	1
233	561	1
464	561	1
349	561	1
444	561	1
210	561	1
268	561	1
646	561	1
44	561	1
260	561	1
294	561	1
125	561	1
356	561	1
834	561	1
272	561	1
342	561	1
249	561	1
959	561	1
214	561	1
519	646	1
127	646	1
260	646	1
803	646	1
573	646	1
307	646	1
355	646	1
224	646	1
32	646	1
61	646	1
589	646	1
820	646	1
871	646	1
333	646	1
977	646	1
210	646	1
959	646	0
10	646	0
355	38	1
80	38	1
180	38	1
803	38	1
871	38	1
214	38	1
884	38	1
407	38	1
445	38	1
370	38	1
28	38	1
15	38	1
915	38	1
29	38	1
582	38	1
223	38	1
210	38	1
249	38	1
971	38	1
425	38	1
211	38	1
434	38	1
294	38	1
265	38	1
105	38	1
90	38	1
61	38	1
410	38	1
499	38	1
754	38	1
882	38	1
186	38	1
583	38	1
641	194	1
114	194	1
637	194	1
164	194	1
198	194	1
224	194	1
342	194	1
123	194	1
569	194	1
963	194	1
390	194	1
298	194	1
158	194	1
281	194	1
169	194	1
325	194	1
62	194	1
858	194	0
121	194	0
585	194	0
29	194	0
124	58	1
569	58	1
164	58	1
346	58	1
488	58	1
703	58	1
815	58	1
38	58	1
573	58	1
826	58	1
359	58	1
426	58	1
871	58	1
108	58	1
103	58	1
290	58	1
29	58	1
956	58	1
197	58	1
938	58	1
596	58	1
530	58	1
98	58	1
114	58	0
125	58	0
126	58	0
324	58	0
83	58	0
133	58	0
323	58	0
294	58	0
827	58	0
333	58	0
150	58	0
915	58	0
166	58	0
211	58	0
507	58	0
291	58	0
281	58	0
820	58	0
123	58	0
616	58	0
445	58	0
393	58	0
841	554	1
307	554	1
75	554	1
394	554	1
971	554	1
206	554	1
80	554	1
214	554	1
164	554	1
342	554	1
182	554	1
916	554	1
653	554	1
546	554	1
123	554	1
191	554	1
915	554	1
390	554	1
376	554	1
94	454	1
820	454	1
69	454	1
971	454	1
75	454	1
83	454	1
159	454	1
407	454	1
324	454	1
307	454	1
249	454	1
127	454	1
342	454	1
281	454	0
394	454	0
164	454	0
123	454	0
133	454	0
376	454	0
121	454	0
445	454	0
12	454	0
390	454	0
135	454	0
19	371	1
41	371	1
197	371	1
328	371	0
303	371	0
172	371	0
959	371	0
281	371	0
166	371	0
447	371	0
916	371	0
75	307	1
260	307	0
298	307	0
827	307	0
436	307	0
458	307	0
570	307	0
328	193	1
959	193	1
62	193	1
637	193	1
394	193	0
164	193	0
133	193	0
324	193	0
105	193	0
281	193	0
837	193	0
28	193	0
86	193	0
840	193	0
186	193	0
249	193	0
281	233	0
288	233	0
164	233	0
445	233	0
233	233	0
303	573	0
582	573	0
841	573	0
222	573	0
390	573	0
170	573	0
570	573	1
86	573	1
23	573	1
105	573	0
291	573	0
623	573	0
608	573	0
323	573	0
346	573	0
884	296	1
62	296	1
253	296	1
164	296	0
12	296	0
281	296	0
29	296	0
291	296	0
133	296	0
121	296	0
303	296	0
325	296	0
83	296	0
640	198	1
381	198	1
162	198	1
122	198	1
526	198	1
159	198	1
831	198	1
264	198	1
388	198	1
80	198	1
333	198	1
125	198	1
938	198	1
286	198	1
69	198	1
86	198	1
303	198	0
859	198	0
121	198	0
166	198	0
596	198	0
124	198	0
281	198	0
871	198	0
83	198	0
214	198	0
105	198	0
325	198	0
323	198	0
29	198	0
390	198	0
599	198	0
840	198	0
454	198	0
180	198	0
393	198	0
466	198	0
211	198	0
871	447	1
409	447	1
212	447	1
447	447	1
820	447	1
426	447	1
421	447	1
123	447	0
915	447	0
827	447	0
586	447	0
204	447	0
125	447	0
166	447	0
477	447	0
823	447	0
197	447	0
102	447	0
223	224	1
355	224	1
260	224	0
963	224	0
803	224	0
394	224	0
303	224	0
582	224	0
454	224	0
324	224	0
390	224	0
810	224	0
971	224	0
616	224	0
570	36	0
164	36	0
162	36	0
206	36	0
307	36	0
124	36	0
281	36	0
80	36	0
431	36	0
637	36	0
63	36	0
569	36	0
298	83	1
394	83	1
971	83	0
281	83	0
397	381	1
582	381	1
103	381	1
488	381	1
421	381	1
583	381	1
520	381	1
191	381	1
94	381	1
286	381	1
352	381	1
294	381	1
519	381	0
223	381	0
445	381	0
820	381	0
365	381	0
915	381	0
231	381	0
447	381	0
393	381	0
182	381	0
164	381	0
49	381	0
124	381	0
281	381	0
971	381	0
840	381	0
569	381	0
589	381	0
303	381	0
599	381	0
62	381	0
356	381	0
526	381	0
598	381	0
803	381	0
15	381	0
86	381	0
197	381	0
637	381	0
646	381	0
570	381	0
194	381	0
409	381	0
264	381	0
212	381	0
489	381	0
449	381	0
353	381	0
623	381	0
28	381	0
431	381	0
333	381	0
859	381	0
170	381	0
573	381	0
342	381	0
105	381	0
145	381	0
180	381	0
996	381	0
159	381	0
139	381	0
76	381	0
620	381	0
273	381	0
414	381	0
80	381	0
83	381	0
837	381	0
298	381	0
641	290	1
884	290	1
264	290	1
172	290	1
613	290	1
136	290	1
328	290	1
3	290	1
62	290	1
916	290	1
986	290	1
121	290	0
123	290	0
288	290	0
128	290	0
166	290	0
303	290	0
623	290	0
959	290	0
159	290	0
953	290	0
671	290	0
893	290	0
28	122	1
291	122	1
125	122	1
268	122	0
86	122	0
959	122	0
436	122	0
307	12	1
642	12	1
871	12	1
454	12	1
164	12	0
133	12	0
68	12	0
303	555	1
12	555	1
214	555	1
182	555	1
63	555	1
349	555	1
342	555	1
206	555	1
918	555	1
38	555	1
617	555	1
62	555	1
640	555	1
616	555	1
162	555	0
359	555	0
352	555	0
281	555	0
264	555	0
164	555	0
598	555	0
268	555	0
963	555	0
585	555	0
249	555	0
204	555	0
186	555	0
135	555	0
133	555	0
14	555	0
971	555	0
68	555	0
653	555	0
409	555	0
28	555	0
172	555	0
488	555	0
613	555	0
29	555	0
376	555	0
608	555	0
128	555	0
180	555	0
959	555	0
80	284	0
298	284	0
172	284	0
875	327	1
450	327	1
356	327	1
637	327	1
338	327	1
820	327	1
23	327	0
303	327	0
963	327	0
507	327	0
44	327	0
80	327	0
803	327	0
494	327	0
62	327	0
166	327	0
370	327	0
159	327	0
585	327	0
858	327	0
102	327	0
884	172	0
124	172	0
370	172	0
28	172	0
164	172	0
963	172	0
89	172	0
303	172	0
841	172	0
938	172	0
157	172	1
507	172	0
394	172	0
281	172	0
918	172	0
224	172	0
642	172	0
83	172	0
431	172	0
133	172	0
61	172	0
858	172	0
671	172	0
971	172	0
355	377	1
703	377	1
44	377	1
210	377	1
963	377	1
349	377	1
879	377	1
582	377	1
75	377	1
837	377	1
429	377	1
294	377	1
355	618	1
582	618	1
871	618	1
102	618	1
911	618	1
868	618	1
181	618	1
874	618	1
214	618	1
159	618	1
260	618	1
896	618	1
268	618	0
418	618	0
407	90	1
86	90	1
355	90	1
272	90	1
265	90	1
637	90	1
63	90	1
307	90	1
353	90	1
820	90	1
124	90	0
225	90	0
94	356	1
272	356	1
224	356	1
353	356	1
431	356	1
68	356	1
61	356	1
50	356	1
191	356	1
62	356	1
488	356	1
349	356	1
125	356	1
469	356	1
29	356	0
858	356	0
589	356	0
225	356	0
337	356	0
214	570	1
122	570	1
264	570	1
617	570	1
68	570	1
86	570	1
915	570	1
265	570	1
19	570	1
507	570	1
224	570	1
350	570	1
641	570	1
126	570	0
260	570	0
810	570	0
617	155	1
641	155	1
122	155	1
75	155	1
125	155	1
456	155	1
103	155	1
843	155	1
303	155	1
915	964	1
407	964	1
641	964	1
589	964	1
265	964	1
44	964	1
350	964	1
75	964	1
859	964	1
122	964	1
414	964	1
353	964	1
86	873	1
871	873	1
464	873	1
963	873	1
915	873	1
582	873	1
180	873	1
233	873	1
103	873	1
260	873	1
15	873	1
264	873	1
874	873	1
353	873	1
19	873	1
191	873	1
44	873	1
349	873	1
121	873	0
89	873	0
390	873	0
879	397	1
447	397	1
963	397	1
582	397	1
126	397	1
460	397	1
542	397	1
268	397	0
355	963	1
447	963	1
68	963	1
75	963	1
342	963	1
122	963	1
44	963	1
197	963	1
617	963	1
860	963	1
827	963	0
935	963	0
450	963	0
294	963	0
623	963	0
772	963	0
447	879	1
355	879	1
915	879	1
641	879	1
353	879	1
963	879	1
159	879	1
871	879	1
458	879	1
125	879	1
103	879	1
810	879	1
197	879	1
460	879	1
519	879	1
75	879	1
596	879	0
268	879	0
858	879	0
38	298	1
871	298	1
589	298	1
273	298	1
200	298	1
298	298	1
61	298	1
582	298	1
703	298	1
810	298	1
826	298	1
197	298	1
879	298	1
103	298	1
217	143	1
224	143	1
265	143	1
260	143	1
62	143	1
687	143	1
359	143	1
977	143	1
225	143	1
128	143	1
820	143	1
377	143	1
429	143	0
963	143	0
80	143	0
959	143	0
303	143	0
858	143	0
469	143	0
709	143	0
38	180	1
915	180	1
214	180	1
641	180	1
356	180	1
355	180	1
342	180	1
122	180	1
298	180	1
68	180	1
307	180	1
32	180	1
429	180	1
44	180	1
23	180	1
871	180	1
197	180	0
282	180	0
447	421	1
44	421	1
298	421	1
15	421	1
224	421	1
617	421	1
733	421	1
260	421	1
860	421	1
272	421	1
224	715	1
356	715	1
217	715	1
355	715	1
353	715	1
530	715	1
963	715	1
935	715	1
431	715	1
473	715	1
260	715	1
390	715	1
868	715	1
313	715	1
542	715	1
80	715	1
191	715	1
352	715	1
307	715	1
126	715	1
62	715	1
110	715	1
197	715	1
44	715	1
124	894	1
303	894	1
350	894	1
342	894	1
353	894	1
204	894	1
63	894	1
62	894	1
447	894	1
703	894	1
874	894	1
893	894	1
80	894	1
592	894	0
570	894	0
959	894	0
159	894	0
465	894	0
38	894	0
860	894	0
38	842	1
186	842	1
75	842	1
915	842	1
68	842	1
265	842	1
224	842	1
32	842	1
268	842	1
390	842	1
325	842	1
191	842	1
582	842	0
260	842	0
355	19	1
208	19	1
214	19	1
827	19	1
873	19	1
268	19	1
871	19	1
32	19	1
915	19	1
582	19	1
61	19	1
15	19	1
911	19	1
868	19	1
350	19	1
641	251	1
355	251	1
353	251	1
922	251	1
68	251	1
126	251	0
596	251	0
342	526	1
298	526	1
447	526	1
915	526	1
353	526	1
837	526	1
224	526	1
458	526	1
15	526	1
414	526	1
29	526	1
124	526	1
676	526	1
294	526	1
197	526	1
464	526	1
62	526	1
66	526	1
208	526	1
488	526	0
214	526	0
204	526	0
860	526	0
355	381	1
351	381	1
703	381	1
68	381	1
458	381	1
871	381	1
641	381	1
186	381	1
224	381	1
547	381	1
265	381	1
378	381	1
911	381	1
783	381	1
873	381	1
38	381	1
255	381	1
375	381	1
349	381	1
251	381	1
561	381	1
318	381	1
282	381	1
347	381	0
214	381	0
122	381	0
204	381	0
860	381	0
770	381	0
272	381	0
450	381	0
307	381	0
469	381	0
456	381	0
616	381	0
596	381	0
392	381	0
355	260	1
15	260	1
265	260	1
186	260	1
68	260	1
353	260	1
911	260	1
249	260	1
450	260	1
860	260	1
596	260	0
355	191	1
915	191	1
447	191	1
641	191	1
353	191	1
122	191	1
298	191	1
204	191	1
19	191	1
224	191	1
44	191	1
873	191	1
394	191	1
703	191	1
629	191	1
126	191	1
62	191	1
570	191	1
608	191	1
858	66	1
470	66	1
372	66	1
488	66	1
838	66	1
823	66	1
871	66	1
303	66	1
542	66	1
703	66	1
616	66	0
22	66	0
126	66	0
102	66	0
122	66	0
125	66	0
582	66	0
859	66	0
200	429	1
90	429	1
353	429	1
915	429	1
298	429	1
61	429	1
582	429	1
180	429	1
350	429	1
448	429	1
150	429	1
623	429	0
394	429	0
450	429	0
390	429	0
260	733	1
90	733	1
204	733	1
159	733	1
450	733	1
582	733	1
15	733	1
251	733	0
214	733	0
382	733	0
260	103	1
871	103	1
75	103	1
102	103	1
355	103	1
44	103	1
214	103	1
204	103	1
429	103	1
352	103	0
582	103	0
224	69	1
589	69	1
68	69	1
342	69	1
264	69	1
350	69	1
217	69	1
19	69	1
303	69	1
265	69	1
349	69	1
407	69	1
66	69	1
755	69	1
356	69	0
355	69	0
963	69	0
122	69	0
803	69	0
80	69	0
260	69	0
458	69	0
820	69	0
12	69	0
170	69	0
858	69	0
62	69	0
223	11	1
582	11	1
542	11	1
873	11	1
562	11	1
333	11	1
224	977	1
356	977	1
22	977	1
608	977	1
29	977	1
374	977	1
12	977	1
378	977	1
848	977	1
15	977	1
116	977	1
260	977	1
915	977	1
126	977	1
820	977	1
170	977	1
236	977	1
860	977	1
585	977	1
288	977	1
62	977	1
298	977	1
469	977	0
125	977	0
393	977	0
431	977	0
859	977	0
629	860	1
15	860	1
272	860	1
197	860	1
307	860	1
342	860	1
783	860	1
426	860	1
103	860	1
186	860	1
582	860	1
551	860	1
75	860	1
282	860	1
450	860	1
159	860	1
772	860	1
462	860	1
44	860	1
126	860	1
873	860	1
922	860	1
697	860	1
32	860	1
418	860	0
265	230	1
582	230	1
194	230	1
353	230	1
200	230	1
307	230	1
700	230	1
365	230	1
224	230	1
356	230	1
126	230	1
124	230	1
407	61	1
103	61	1
260	61	1
915	61	1
237	61	1
19	61	1
378	61	1
570	61	1
75	61	1
208	61	1
150	61	1
349	61	1
427	61	1
214	61	1
282	61	1
460	61	1
264	61	1
197	61	1
353	272	1
755	272	1
204	272	1
365	272	1
286	272	1
126	272	0
260	272	0
827	272	0
214	272	0
121	272	0
874	272	0
61	272	0
212	272	0
466	272	0
860	272	0
957	272	0
394	120	0
15	120	0
180	120	0
703	732	1
38	732	1
264	732	1
871	732	1
815	732	1
582	732	1
996	732	1
12	732	1
373	732	1
61	732	1
846	732	1
673	732	1
282	732	1
89	732	0
427	732	0
260	732	0
827	732	0
458	732	0
477	732	0
963	732	0
204	732	0
418	732	0
859	732	0
333	732	0
236	732	0
915	732	0
596	732	0
68	732	0
585	732	0
281	732	0
294	732	0
911	732	0
823	732	0
753	732	0
150	732	0
159	732	0
91	732	0
803	570	1
268	570	1
204	570	1
827	570	0
303	570	0
318	570	0
91	570	0
204	282	1
911	282	1
121	282	0
68	282	0
212	282	0
303	282	0
705	282	0
772	282	0
75	407	1
427	407	1
582	407	1
126	407	0
23	407	0
144	407	0
103	407	0
874	407	0
281	407	0
592	407	0
342	407	1
121	407	0
623	407	0
347	407	0
122	407	0
810	407	0
313	823	1
19	823	1
44	823	1
547	823	1
651	823	1
150	823	1
87	823	1
204	823	1
827	823	0
965	823	0
922	823	0
837	823	0
959	823	0
76	823	0
596	823	0
643	823	0
186	823	0
598	823	0
121	823	0
86	823	0
133	823	0
458	823	0
873	823	0
354	803	1
394	803	1
469	803	0
249	803	0
125	803	0
827	803	0
303	803	0
642	803	0
260	803	0
49	447	1
703	447	1
911	447	1
460	447	1
89	447	1
953	447	1
527	447	1
837	447	0
281	447	0
420	447	0
596	447	0
469	447	0
268	447	0
91	447	0
298	447	0
303	447	0
122	447	0
873	447	0
460	634	1
90	634	1
447	634	1
911	634	1
350	634	1
233	634	1
282	634	0
194	634	0
260	634	0
204	634	0
827	634	0
429	634	0
837	634	0
860	634	0
303	634	0
121	224	0
447	224	0
282	224	0
965	381	1
200	381	1
753	381	1
335	381	1
653	381	1
963	381	0
191	264	1
68	264	1
124	264	1
114	264	1
582	264	1
298	264	1
38	264	1
356	264	1
570	264	1
125	264	1
29	264	1
126	264	1
488	264	0
562	264	0
349	264	0
265	264	0
62	264	0
15	264	0
935	264	0
783	264	0
963	264	0
858	264	0
585	264	0
837	264	0
641	264	0
303	264	0
61	122	1
871	122	1
353	122	1
922	122	1
963	122	1
94	122	1
842	122	1
641	122	0
858	122	0
103	122	0
303	122	0
342	986	1
298	986	1
126	986	1
355	986	0
90	986	0
759	986	0
303	986	0
623	986	0
61	986	0
62	986	0
170	986	0
398	986	0
356	986	0
29	986	0
224	942	1
447	942	0
915	942	0
776	942	0
426	942	0
212	942	0
89	942	0
298	942	0
427	942	0
616	942	0
211	942	0
268	230	1
915	230	1
394	230	1
460	230	0
589	230	0
121	230	0
827	230	0
447	230	0
352	230	0
38	106	1
875	106	1
260	106	1
519	106	1
268	106	1
355	106	1
827	106	1
75	106	1
15	106	1
342	106	1
191	106	1
770	106	0
783	106	0
653	106	0
68	106	0
618	106	0
89	106	0
347	106	0
390	106	0
871	106	0
273	106	0
106	106	0
264	58	1
214	58	1
874	58	1
372	58	0
623	58	0
965	58	0
963	58	0
477	58	0
859	58	0
827	315	1
641	315	1
868	315	1
260	315	1
915	315	1
204	315	1
19	315	1
214	315	1
352	315	1
44	315	1
424	315	1
582	315	1
318	315	1
350	315	1
394	315	0
126	315	0
874	315	0
236	315	0
237	315	0
986	585	1
871	585	1
393	585	1
355	585	1
75	585	1
214	585	1
251	462	1
890	462	1
527	462	1
92	462	1
390	462	1
810	462	1
349	462	1
87	462	1
875	462	1
530	462	1
562	292	1
589	292	1
390	292	1
641	292	1
68	292	1
394	292	1
527	292	1
349	292	1
273	292	1
150	292	1
908	292	1
827	720	1
349	720	1
75	720	1
911	720	1
103	720	1
721	720	1
355	720	1
770	720	1
223	720	1
217	720	1
582	720	0
641	303	1
68	303	1
571	303	1
427	303	1
61	303	1
586	303	1
942	303	1
570	303	1
843	303	1
197	303	1
318	303	1
294	303	1
458	303	1
335	303	1
349	303	1
823	303	1
418	303	0
375	303	0
204	303	0
382	303	0
286	303	0
859	303	0
641	759	1
204	759	1
589	759	1
488	759	1
97	759	1
758	759	1
760	759	1
44	428	1
86	428	1
915	428	1
875	428	1
527	428	1
737	428	1
562	428	1
208	428	1
609	428	1
75	428	1
63	428	1
589	50	1
827	50	1
758	50	1
75	50	1
641	50	1
208	50	1
291	50	1
372	50	1
312	50	1
197	50	1
23	50	1
530	50	1
49	352	1
63	352	1
378	352	1
641	352	1
350	352	1
349	352	1
303	352	1
86	352	1
875	352	1
294	352	1
208	352	1
427	352	1
458	352	1
240	352	1
843	352	1
273	352	1
653	922	1
589	922	1
273	922	1
527	922	1
355	922	1
150	922	1
986	922	0
582	922	0
973	995	1
770	995	1
996	995	1
527	995	1
641	995	1
582	995	1
350	995	1
458	995	1
315	995	1
375	995	1
68	995	1
922	995	1
365	893	1
121	893	1
935	893	1
475	893	1
871	893	1
458	893	1
260	893	1
482	893	1
291	893	1
359	893	1
214	893	1
874	893	1
823	893	1
827	893	0
420	348	1
349	348	1
538	348	1
350	348	1
996	348	1
197	348	1
61	318	1
827	318	1
68	318	1
922	318	1
589	318	1
204	318	1
75	318	1
223	318	1
303	318	1
32	318	1
197	318	1
86	882	1
355	882	1
827	882	1
75	882	1
303	882	1
641	882	1
911	882	1
214	882	1
273	882	1
922	882	1
86	945	1
350	945	1
12	945	1
538	945	1
427	945	1
869	945	1
758	945	1
458	945	1
247	945	1
349	945	1
427	355	1
393	355	1
214	355	1
392	355	1
349	355	1
753	355	1
942	355	1
352	355	1
44	527	1
208	527	1
364	527	1
102	527	1
499	527	1
212	527	1
456	364	1
350	364	1
653	364	1
255	364	1
178	364	1
488	364	1
414	364	1
106	364	1
12	364	1
778	364	1
764	364	1
875	364	1
197	364	1
380	364	1
458	364	1
75	364	1
589	705	1
186	705	1
426	705	1
86	705	1
212	705	1
890	705	1
355	705	1
103	705	1
527	705	1
582	705	1
447	705	0
86	380	1
589	380	1
349	380	1
641	380	1
167	380	1
350	380	1
456	380	1
875	380	1
827	204	1
488	204	1
63	204	1
156	204	1
178	204	1
589	204	1
355	204	1
214	204	1
582	204	1
197	204	1
427	91	1
827	91	1
355	91	1
641	91	1
589	91	1
758	91	1
995	91	1
273	91	1
350	91	1
922	91	1
44	883	1
427	883	1
281	883	1
225	883	1
585	883	1
126	883	0
197	883	0
810	883	0
589	266	1
827	266	1
973	266	1
349	266	1
826	266	1
126	266	1
303	266	1
641	266	1
197	266	1
915	266	1
623	266	1
472	266	1
596	266	0
427	641	1
758	641	1
364	641	1
372	641	1
86	641	1
349	641	1
197	641	1
764	557	1
868	557	1
89	557	1
255	557	1
87	557	1
488	557	1
75	557	1
364	557	1
320	557	1
488	392	1
427	392	1
682	392	1
75	392	1
186	392	1
212	392	1
364	392	1
350	392	1
868	392	1
380	392	1
32	392	1
349	392	1
102	392	1
843	392	1
519	392	1
660	392	1
291	676	1
414	676	1
827	676	1
208	676	1
770	676	1
350	676	1
278	676	1
527	676	1
76	676	1
86	973	1
63	973	1
589	973	1
350	973	1
420	973	1
214	973	1
186	973	1
350	262	1
75	262	1
208	262	1
527	262	1
458	262	1
758	262	1
214	262	1
589	262	1
475	262	1
538	262	1
197	262	1
341	262	1
392	262	1
414	262	1
827	211	1
214	211	1
973	211	1
915	211	1
68	211	1
874	211	1
875	211	1
953	211	1
530	211	1
394	211	1
827	338	1
106	338	1
589	338	1
86	338	1
837	338	1
92	338	1
352	338	1
268	338	1
590	338	1
502	338	1
251	338	1
208	338	1
394	338	1
758	338	1
68	338	0
582	338	0
103	375	1
361	375	1
770	375	1
89	375	1
953	375	1
23	375	1
826	375	1
350	375	1
788	375	1
810	375	1
460	375	0
827	375	0
373	375	0
460	420	1
758	420	1
759	420	1
364	420	1
392	420	1
350	420	1
102	420	1
448	420	1
823	420	0
475	448	1
352	448	1
460	448	1
538	448	1
848	448	1
530	448	1
609	448	1
418	94	1
996	94	1
273	94	1
50	94	1
582	94	1
466	94	1
378	94	1
473	94	0
247	441	1
827	441	1
641	441	1
582	441	1
15	441	1
349	441	1
86	166	1
12	166	1
273	166	1
262	166	1
44	166	1
407	166	1
61	166	1
582	166	1
223	166	1
32	166	1
393	166	1
303	166	1
350	166	1
986	687	1
414	687	1
349	687	1
106	687	1
447	915	1
63	915	1
223	915	1
86	915	1
527	915	1
942	915	1
75	915	1
44	915	1
281	915	1
268	915	0
418	915	0
204	915	0
458	915	0
427	208	1
86	208	1
582	208	1
915	208	1
392	208	1
223	208	1
303	208	1
527	967	1
68	967	1
260	967	1
44	967	1
126	967	0
460	424	1
236	424	1
653	424	1
871	424	1
641	424	1
315	424	1
407	424	1
335	424	1
214	424	1
89	424	1
75	424	1
349	424	1
390	424	1
303	424	1
420	424	1
488	424	0
827	378	1
75	378	1
414	378	1
355	378	1
86	378	1
407	378	1
846	378	1
273	378	1
609	378	1
214	378	1
530	378	1
44	378	1
456	378	1
120	378	1
197	378	1
393	378	1
827	737	1
875	737	1
458	737	1
197	737	1
350	63	1
641	63	1
589	63	1
204	63	1
758	63	1
44	63	1
106	63	1
86	63	1
952	63	0
473	63	0
355	365	1
268	365	1
102	365	1
407	365	1
871	365	1
260	365	1
294	365	1
527	365	1
214	365	1
91	365	1
61	365	1
703	365	1
352	365	0
318	365	0
827	365	0
223	365	0
392	365	0
217	365	0
859	365	0
208	365	0
460	868	1
359	868	1
582	868	1
303	868	1
197	868	0
414	315	1
89	315	1
262	315	1
986	315	0
764	315	0
268	315	0
401	315	0
466	315	0
414	352	1
721	352	1
758	352	1
945	352	1
592	352	0
859	352	0
291	352	0
460	823	1
778	823	1
237	823	1
530	823	0
98	823	0
184	823	0
453	823	0
281	823	0
527	823	0
615	823	0
466	823	0
867	823	0
815	823	0
490	823	0
827	940	0
911	940	0
623	447	0
97	447	0
759	447	0
44	318	0
338	355	0
965	355	0
996	224	0
827	224	0
273	278	1
837	278	1
589	278	1
150	278	1
204	278	1
488	278	1
953	278	1
827	278	0
764	278	0
758	278	0
582	278	0
166	278	0
23	98	1
627	98	1
826	98	1
373	98	1
394	98	1
350	98	1
867	98	1
530	98	1
214	98	1
843	98	1
204	98	0
590	98	0
347	98	0
823	98	0
128	98	0
488	98	0
700	98	0
167	98	0
372	98	0
538	98	0
255	98	0
294	98	0
911	98	0
32	260	1
737	260	1
589	260	1
837	260	1
281	260	1
197	260	1
23	260	1
268	260	0
592	260	0
390	260	0
102	260	0
350	986	0
89	986	0
214	986	0
281	986	0
341	986	0
641	942	1
436	942	1
392	942	1
86	942	1
91	942	1
585	942	1
63	942	1
352	942	1
350	942	1
102	942	1
589	942	1
394	942	0
801	942	0
126	942	0
349	942	0
128	942	0
106	942	0
888	942	0
490	942	0
986	942	0
770	942	0
335	942	1
815	942	1
355	942	1
488	942	1
441	942	1
251	942	1
242	942	1
291	942	0
373	942	0
592	942	0
167	942	0
123	942	0
294	942	0
538	942	0
499	942	0
178	942	0
268	942	0
810	942	0
255	942	0
359	942	1
460	942	1
315	942	1
177	942	1
313	942	1
121	942	0
237	942	0
393	942	0
281	942	0
623	942	0
214	942	0
596	942	0
86	106	0
380	106	0
475	106	0
350	106	0
242	106	1
291	106	1
589	106	1
103	106	1
212	106	0
44	106	0
426	106	0
167	106	0
986	106	0
582	106	0
424	106	0
225	106	0
178	106	0
204	106	0
996	106	0
837	106	0
394	106	0
410	106	0
214	106	0
382	106	0
588	106	0
527	378	1
208	378	1
589	378	0
788	378	0
291	378	0
562	378	0
242	378	0
126	378	0
827	61	1
810	61	1
91	61	1
418	61	0
393	61	0
571	61	0
589	827	1
394	827	0
758	827	0
801	827	0
89	827	0
420	827	0
75	827	1
349	827	1
68	827	1
212	827	0
837	827	0
788	827	0
859	827	0
538	827	0
150	827	0
488	827	0
103	827	1
922	827	1
407	827	1
63	827	1
19	827	1
61	827	1
460	827	0
223	827	0
965	827	0
460	372	1
653	372	1
184	372	1
641	372	1
352	372	1
826	372	1
718	372	1
965	372	1
197	372	1
527	372	1
167	350	1
86	350	1
32	350	1
426	350	1
98	350	1
294	350	1
823	350	1
211	350	1
44	350	1
758	865	1
850	865	1
499	865	1
911	865	1
470	414	1
209	414	1
998	414	1
44	414	1
49	414	0
653	414	0
89	414	0
394	414	0
86	273	1
582	273	1
75	273	1
349	273	1
778	273	1
466	273	1
128	273	0
810	590	1
372	590	1
410	590	1
49	590	1
826	590	1
517	590	1
414	235	1
519	235	1
98	235	1
837	197	1
291	197	1
126	197	1
86	197	1
59	197	1
32	197	1
911	197	1
372	197	1
349	427	1
826	427	1
998	427	1
116	427	1
32	427	1
470	427	1
186	427	1
126	427	1
350	998	1
237	998	1
44	998	1
394	998	0
212	609	0
186	349	1
353	349	1
178	349	1
167	349	1
517	349	1
179	349	1
89	571	1
401	571	1
540	571	1
589	571	1
49	571	1
379	571	1
911	571	1
150	571	1
394	571	0
770	3	1
44	3	1
458	846	1
44	846	1
167	846	1
470	425	1
623	425	1
865	425	1
758	425	1
394	425	1
427	425	1
44	425	1
823	425	0
23	425	0
181	425	0
255	631	1
150	631	1
372	631	1
320	631	1
998	126	1
460	126	1
538	126	1
349	126	1
394	126	1
106	126	1
49	126	1
826	126	1
167	126	1
352	589	1
427	589	1
473	589	1
350	589	1
197	589	1
167	589	1
888	589	0
294	456	1
641	456	1
394	456	1
75	456	1
596	456	0
965	456	0
167	875	1
588	875	1
911	875	1
184	875	1
350	875	1
472	875	1
998	875	1
410	875	1
538	875	1
211	875	1
106	875	1
291	704	1
167	704	1
197	704	1
998	704	1
458	704	1
911	704	1
50	704	1
372	704	1
589	291	1
490	291	1
44	291	1
538	291	1
197	291	1
641	291	1
547	291	1
778	291	1
770	150	1
911	150	1
86	145	1
184	145	1
178	145	1
547	145	1
197	145	1
911	145	1
641	145	1
867	145	1
32	783	1
470	783	1
98	783	1
320	783	1
49	783	1
44	783	1
701	312	1
167	312	1
144	312	1
98	312	1
350	312	1
291	336	1
167	336	1
953	336	1
212	336	1
641	336	1
687	336	1
472	336	1
75	336	1
89	336	1
996	336	0
458	336	0
965	336	0
49	336	0
128	336	0
827	837	1
460	837	1
758	837	1
212	837	1
211	837	1
470	645	1
718	645	1
331	645	1
98	645	1
361	645	1
394	645	0
44	645	0
538	97	1
827	97	1
996	97	1
50	97	1
32	320	1
331	320	1
98	320	1
453	588	1
98	588	1
935	588	1
350	588	1
209	588	1
609	588	1
86	588	1
128	588	1
470	718	1
875	718	1
353	718	1
320	718	1
427	540	1
197	540	1
867	540	0
126	562	1
935	562	1
98	562	1
32	562	1
44	562	1
538	401	1
167	401	1
320	401	1
184	179	1
87	179	1
128	179	0
490	499	1
197	499	1
466	499	1
237	499	1
167	499	0
788	499	0
212	499	0
126	499	0
167	381	1
225	381	1
320	381	1
490	381	0
320	32	1
401	32	1
470	32	1
453	32	1
49	32	1
623	32	1
590	32	1
875	32	1
437	32	1
44	32	1
653	32	1
436	32	1
382	32	1
294	32	1
197	473	1
150	473	1
75	473	1
44	473	1
394	473	0
126	473	0
44	22	1
538	22	1
911	22	1
589	22	1
911	472	1
63	850	1
464	850	1
589	850	1
98	850	1
106	850	1
350	850	1
460	86	1
589	86	1
538	86	1
458	86	1
197	86	1
167	86	1
540	86	1
998	86	1
460	538	1
49	538	1
86	538	1
470	538	1
470	547	1
911	547	1
867	547	1
44	547	1
394	547	1
331	547	1
350	547	1
50	547	1
353	547	1
379	547	1
106	547	1
998	547	0
823	547	0
538	760	1
86	760	1
911	760	1
291	760	1
49	464	1
420	464	1
128	464	1
582	464	1
770	464	1
12	464	1
460	464	1
911	464	1
23	484	1
197	484	1
76	484	1
303	484	1
392	484	1
427	484	1
32	484	1
75	484	1
350	484	1
15	484	1
589	701	1
49	701	1
911	701	1
641	701	1
75	701	1
126	701	1
517	225	1
89	225	1
49	225	1
44	225	1
547	225	1
810	225	1
320	225	1
776	225	1
641	255	1
401	255	1
320	255	1
965	255	1
460	255	1
167	653	1
350	653	1
671	653	0
353	186	1
49	186	1
998	186	1
414	470	1
460	470	1
89	470	1
32	470	1
186	470	1
394	470	1
255	470	1
538	470	1
75	592	1
996	592	1
758	592	1
50	592	1
86	592	1
350	592	1
414	102	1
44	102	1
167	102	1
425	102	1
846	102	1
718	102	1
86	102	1
350	102	1
32	237	1
150	237	1
394	237	1
212	237	1
86	237	0
517	44	1
470	44	1
320	44	1
453	44	0
32	49	1
167	49	1
116	49	1
776	49	1
255	49	1
350	49	1
427	49	1
86	49	1
517	49	1
911	49	1
464	49	1
353	350	1
394	350	0
352	350	0
86	571	0
212	571	0
437	823	0
394	336	1
401	336	0
470	336	0
44	336	0
653	336	0
517	336	0
623	336	0
998	336	0
458	329	0
758	329	0
197	329	0
801	883	0
380	883	0
372	883	0
557	883	0
758	883	0
212	883	0
204	883	0
184	471	0
331	144	1
312	144	1
911	144	1
320	144	1
97	144	1
953	144	1
645	144	1
225	144	1
770	144	0
875	144	0
823	144	0
998	144	0
273	144	0
89	758	0
458	758	0
427	758	1
212	758	0
758	758	0
212	86	1
588	86	0
653	86	0
592	420	1
212	420	0
352	441	1
268	441	1
436	441	0
102	986	0
212	986	0
420	166	0
49	327	0
150	327	0
394	327	0
602	942	0
448	942	1
704	942	1
837	942	0
382	942	0
764	942	0
470	106	1
538	106	1
810	106	0
379	106	0
373	106	0
184	106	0
965	106	0
380	58	1
106	58	1
810	58	0
373	58	0
212	58	0
382	58	0
44	721	1
353	721	1
490	721	0
49	721	0
89	721	0
875	721	0
225	721	0
394	721	0
87	721	0
86	721	1
197	721	1
458	721	1
350	721	1
150	721	1
240	721	0
837	721	0
589	721	0
582	827	0
92	827	0
517	776	1
627	776	1
453	776	1
320	776	1
225	776	1
98	867	1
911	867	1
530	867	1
810	671	0
392	671	0
394	671	0
394	242	1
589	242	1
379	242	1
274	242	1
653	242	1
209	242	1
517	242	0
911	242	0
593	242	0
453	242	0
953	242	0
823	242	0
788	242	0
382	379	1
209	374	1
660	374	1
588	764	1
32	764	1
810	764	1
372	764	1
530	764	1
588	781	1
32	781	1
911	178	1
589	178	1
437	178	1
214	178	1
32	410	1
589	410	1
442	410	0
331	198	1
150	198	1
235	198	1
209	198	1
530	198	1
582	198	1
890	198	0
858	198	0
437	198	0
373	810	1
382	810	1
98	810	1
788	810	1
530	810	1
359	810	1
519	810	1
547	810	1
373	382	1
286	382	1
98	382	1
589	15	1
374	15	1
810	331	1
826	331	1
776	331	1
911	331	1
110	331	1
519	655	1
826	655	1
374	655	1
911	655	1
660	655	1
872	655	1
911	517	1
810	517	1
291	517	0
427	232	1
810	232	1
530	232	0
209	519	1
437	519	1
392	519	1
530	519	0
98	209	1
872	209	1
826	209	1
547	888	1
98	888	1
810	888	1
372	888	1
87	888	1
394	888	0
32	623	1
286	623	1
353	623	1
589	623	1
394	453	1
911	453	1
32	453	1
374	453	1
331	582	1
582	582	1
519	582	1
320	593	1
589	593	1
32	593	1
911	593	1
98	593	1
517	593	1
953	593	1
519	242	1
437	242	0
374	242	0
779	242	0
286	242	0
98	242	0
23	242	0
382	242	0
593	823	0
517	823	0
781	823	0
590	336	0
996	965	1
453	965	0
517	965	0
291	965	0
788	965	0
810	392	0
437	392	0
517	144	1
98	144	1
442	144	0
372	144	0
204	144	0
911	437	1
517	701	0
437	701	0
530	225	0
517	721	0
530	826	1
181	872	1
996	872	1
373	872	1
823	872	1
953	872	1
373	59	1
530	242	1
826	242	1
530	373	1
530	73	1
23	996	1
530	996	1
826	357	1
823	110	1
826	274	1
98	247	1
209	247	1
911	23	1
530	23	1
674	23	1
286	23	1
373	23	1
826	23	1
660	23	1
823	23	0
181	436	1
826	436	1
823	436	0
209	631	0
110	774	1
788	774	0
651	774	0
23	774	0
286	450	0
779	450	0
826	530	1
660	530	1
