1	2	1
3	2	1
4	2	1
5	2	1
6	2	1
7	2	1
8	2	1
9	2	1
10	2	1
11	2	1
12	2	1
13	2	1
14	2	1
15	2	1
16	2	1
17	2	1
18	2	1
19	2	1
20	2	1
21	2	1
22	2	1
23	2	1
24	2	1
25	2	1
26	2	1
27	2	1
28	2	1
29	2	1
30	2	1
31	2	1
32	2	1
33	2	1
34	2	1
35	2	1
36	2	1
37	2	1
38	2	1
39	2	1
40	2	1
41	2	1
42	2	1
43	2	1
44	2	1
45	2	1
46	2	1
47	2	1
48	2	1
49	2	1
50	2	1
51	2	1
52	2	1
53	2	1
54	2	1
55	2	1
56	2	1
57	2	1
58	2	1
59	2	1
60	2	1
61	2	1
62	2	1
63	2	1
64	2	1
65	2	1
66	2	1
67	2	1
68	2	1
69	2	1
70	2	1
71	2	1
72	2	1
73	2	1
74	2	1
75	2	1
76	2	1
77	2	1
78	2	1
79	2	1
80	2	1
81	2	1
82	2	1
83	2	1
84	2	1
85	2	1
86	2	1
87	2	1
88	2	1
89	2	1
90	2	1
91	2	1
92	2	1
93	2	1
94	2	1
95	2	1
96	2	1
97	2	1
98	2	1
99	2	1
100	2	1
101	2	1
102	2	1
103	2	1
104	2	1
105	2	1
106	2	1
107	2	1
108	2	1
109	2	1
110	2	1
111	2	1
112	2	1
113	2	1
114	2	1
115	2	1
116	2	1
117	2	1
118	2	1
119	2	1
120	2	1
121	2	0
122	2	0
123	2	0
124	2	0
125	2	0
126	2	0
127	2	0
128	2	0
129	2	0
130	2	0
131	2	0
132	2	0
133	2	0
134	2	0
13	139	1
140	139	1
108	139	1
141	139	1
46	139	1
142	139	1
143	139	1
16	139	1
44	139	1
105	139	1
6	139	1
23	139	1
144	139	1
10	139	1
145	139	1
146	139	1
147	139	1
148	139	1
43	139	1
47	139	1
149	139	1
150	139	1
151	139	1
152	139	1
56	139	1
153	139	1
154	139	1
28	139	1
155	139	1
156	139	1
157	139	1
158	139	1
42	139	1
138	139	1
159	139	1
48	139	1
53	139	1
160	139	1
161	139	1
87	139	1
114	139	1
79	139	1
101	139	1
32	139	1
60	139	1
162	139	1
4	139	1
124	139	1
163	139	1
164	139	1
165	139	1
166	139	1
167	139	1
168	139	1
30	139	1
169	139	1
20	139	1
67	139	1
170	139	1
171	139	1
172	139	1
173	139	1
174	139	1
17	139	1
175	139	1
176	139	1
69	139	1
113	139	1
50	139	1
54	139	1
70	139	1
116	139	1
177	139	1
178	139	1
179	139	1
180	139	1
134	139	1
181	139	1
182	139	1
75	139	1
183	139	1
184	139	1
77	139	1
34	139	1
185	139	1
27	139	1
51	139	1
186	139	1
187	139	1
31	139	1
126	139	1
188	139	1
189	139	1
190	139	1
96	139	1
135	139	1
112	139	1
191	139	1
192	139	1
193	139	1
194	139	1
99	139	1
195	139	1
196	139	1
102	139	1
197	139	1
55	139	1
11	139	1
198	139	1
199	139	1
200	139	1
201	139	1
15	139	1
202	139	1
203	139	1
82	139	1
130	139	1
204	139	1
103	139	1
205	139	1
206	139	1
25	139	1
207	139	1
208	139	1
88	139	1
93	139	1
52	139	1
209	139	1
85	139	1
210	139	1
98	139	1
211	139	1
212	139	1
62	139	1
123	139	0
213	139	0
215	216	1
217	216	1
190	216	1
113	216	1
218	216	1
219	216	1
220	216	1
183	216	1
221	216	1
4	216	1
222	216	1
223	216	1
73	216	1
224	216	1
225	216	1
80	216	1
25	216	1
45	216	1
22	216	1
226	216	1
227	216	1
124	216	1
42	216	1
228	216	1
229	216	1
230	216	1
231	216	1
53	216	1
232	216	1
233	216	1
207	216	1
6	216	1
17	216	1
10	216	1
61	216	1
234	216	1
235	216	1
112	216	1
236	216	1
237	216	1
12	216	1
44	216	1
114	216	1
238	216	1
239	216	1
240	216	1
64	216	1
241	216	1
242	216	1
32	216	1
243	216	1
244	216	1
245	216	1
54	216	1
246	216	1
247	216	1
158	216	1
248	216	1
62	216	1
249	216	1
250	216	1
251	216	1
252	216	1
208	216	1
159	216	1
253	216	1
93	216	1
254	216	1
77	216	1
43	216	1
108	216	1
255	216	1
256	216	1
71	216	1
257	216	1
55	216	1
258	216	1
259	216	1
260	216	1
261	216	1
262	216	1
263	216	1
264	216	1
265	216	1
266	216	1
267	216	1
98	216	1
268	216	1
97	216	1
269	216	1
270	216	1
154	216	1
271	216	1
272	216	1
273	216	1
274	216	1
196	216	1
275	216	1
276	216	1
277	216	1
134	216	1
59	216	1
278	216	1
279	216	1
209	216	1
47	216	1
85	216	1
150	216	1
280	216	0
13	216	0
281	216	0
128	216	0
282	216	0
123	216	0
46	216	0
130	216	0
283	216	0
214	216	0
284	216	0
285	216	0
169	216	0
286	216	0
28	216	0
41	216	0
16	216	0
287	216	0
34	216	0
288	216	0
29	216	0
289	216	0
290	216	0
291	216	0
292	216	0
129	216	0
293	216	0
294	216	0
295	216	0
296	216	0
301	4	1
247	4	1
302	4	1
134	4	1
218	4	1
233	4	1
59	4	1
53	4	1
13	4	1
152	4	1
17	4	1
135	4	1
231	4	1
303	4	1
71	4	1
46	4	1
254	4	1
267	4	1
22	4	1
194	4	1
6	4	1
304	4	1
18	4	1
11	4	1
305	4	1
306	4	1
239	4	1
54	4	1
28	4	1
307	4	1
308	4	1
157	4	1
105	4	1
207	4	1
55	4	1
143	4	1
309	4	1
175	4	1
310	4	1
311	4	1
151	4	1
312	4	1
166	4	1
12	4	1
253	4	1
313	4	1
44	4	1
104	4	1
191	4	1
77	4	1
102	4	1
158	4	1
93	4	1
20	4	1
314	4	1
315	4	1
114	4	1
69	4	1
230	4	1
316	4	1
317	4	1
150	4	1
36	4	1
52	4	1
318	4	1
68	4	1
98	4	1
208	4	1
258	4	1
291	4	1
319	4	1
224	4	1
61	4	1
112	4	1
209	4	1
58	4	1
43	4	1
256	4	1
75	4	1
266	4	1
51	4	1
202	4	1
204	4	1
16	4	1
320	4	1
183	4	1
186	4	1
321	4	1
322	4	1
323	4	1
95	4	1
269	4	1
324	4	1
265	4	1
99	4	1
124	4	1
80	4	1
189	4	1
103	4	1
325	4	1
60	4	1
282	4	0
214	4	0
7	4	0
326	4	0
327	4	0
328	4	0
29	4	0
203	4	0
265	329	1
20	329	1
46	329	1
223	329	1
226	329	1
330	329	1
247	329	1
38	329	1
331	329	1
231	329	1
63	329	1
134	329	1
209	329	1
53	329	1
158	329	1
6	329	1
332	329	1
333	329	1
51	329	1
278	329	1
135	329	1
334	329	1
10	329	1
335	329	1
216	329	1
336	329	1
104	329	1
337	329	1
224	329	1
32	329	1
338	329	1
103	329	1
222	329	1
253	329	1
208	329	1
42	329	1
339	329	1
111	329	1
340	329	1
341	329	1
93	329	1
54	329	1
61	329	1
342	329	1
269	329	1
343	329	1
217	329	1
260	329	1
44	329	1
344	329	1
13	329	1
102	329	1
17	329	1
258	329	1
345	329	1
14	329	1
346	329	1
22	329	1
347	329	1
315	329	1
254	329	1
169	329	1
28	329	1
348	329	1
286	329	1
349	329	1
79	329	1
150	329	1
350	329	1
351	329	1
352	329	1
244	329	1
353	329	1
181	329	1
354	329	1
86	329	1
78	329	1
355	329	1
99	329	1
356	329	1
357	329	1
186	329	1
358	329	1
359	329	1
360	329	1
361	329	1
362	329	1
233	329	1
363	329	1
364	329	1
299	329	1
365	329	1
191	329	1
366	329	1
367	329	1
368	329	1
230	329	1
203	329	1
369	329	1
12	329	1
370	329	1
307	329	1
371	329	1
85	329	1
143	329	1
372	329	1
205	329	1
249	329	1
308	329	1
114	329	1
166	329	1
125	329	1
211	329	1
373	329	1
311	329	1
200	329	1
374	329	1
59	329	1
58	329	1
145	329	1
375	329	1
328	329	1
264	329	1
376	329	1
266	329	1
377	329	1
378	329	1
379	329	1
243	329	1
302	329	1
295	329	1
380	329	1
320	329	1
98	329	1
381	329	1
267	329	1
382	329	1
383	329	1
384	329	0
55	329	0
282	329	0
385	329	0
112	329	0
165	329	0
386	329	0
113	329	0
64	329	0
4	329	0
305	329	0
11	329	0
387	329	0
136	329	0
207	329	0
388	329	0
101	329	0
41	329	0
175	329	0
160	329	0
389	329	0
390	329	0
319	329	0
124	329	0
317	329	0
218	329	0
391	329	0
214	329	0
323	329	0
396	335	1
247	335	1
44	335	1
397	335	1
299	335	1
398	335	1
207	335	1
51	335	1
190	335	1
14	335	1
399	335	1
176	335	1
17	335	1
4	335	1
54	335	1
30	335	1
77	335	1
152	335	1
134	335	1
269	335	1
148	335	1
13	335	1
113	335	1
48	335	1
138	335	1
12	335	1
400	335	1
401	335	1
46	335	1
402	335	1
158	335	1
112	335	1
9	335	1
32	335	1
41	335	1
403	335	1
404	335	1
405	335	1
406	335	1
5	335	1
142	335	1
15	335	1
43	335	1
6	335	1
53	335	1
407	335	1
101	335	1
140	335	1
11	335	1
408	335	1
367	335	1
409	335	1
410	335	1
137	335	1
223	335	1
56	335	1
411	335	1
39	335	1
412	335	1
413	335	1
240	335	1
19	335	1
28	335	1
67	335	1
20	335	1
414	335	1
415	335	1
90	335	1
203	335	1
416	335	1
354	335	1
417	335	1
418	335	1
52	335	1
146	335	1
379	335	1
23	335	1
69	335	1
419	335	1
18	335	1
394	335	1
420	335	1
421	335	1
105	335	1
110	335	1
258	335	1
422	335	1
164	335	1
33	335	1
177	335	1
104	335	1
423	335	1
42	335	1
183	335	1
126	335	1
308	335	1
168	335	1
100	335	1
283	335	1
180	335	1
135	335	1
255	335	1
424	335	1
425	335	1
29	335	1
102	335	1
193	335	1
38	335	1
7	335	1
169	335	1
426	335	1
187	335	1
338	335	1
315	335	1
196	335	1
98	335	1
224	335	1
186	335	1
16	335	1
427	335	1
95	335	1
385	335	1
428	335	1
62	335	1
209	335	1
429	335	1
26	335	1
114	335	1
430	335	1
431	335	1
93	335	1
103	335	1
432	335	1
433	335	1
434	335	1
435	335	1
334	335	1
131	335	1
436	335	1
99	335	1
437	335	1
34	335	1
55	335	1
185	335	1
438	335	1
439	335	1
440	335	1
191	335	1
441	335	1
237	335	0
123	335	0
442	335	0
254	243	1
17	243	1
260	243	1
407	243	1
265	243	1
226	243	1
304	243	1
16	243	1
4	243	1
230	243	1
46	243	1
135	243	1
47	243	1
134	243	1
215	243	1
443	243	1
247	243	1
365	243	1
7	243	1
50	243	1
269	243	1
444	243	1
445	243	1
446	243	1
54	243	1
152	243	1
360	243	1
143	243	1
136	243	1
257	243	1
263	243	1
447	243	1
224	243	1
448	243	1
449	243	1
402	243	1
415	243	1
414	243	1
195	243	1
450	243	1
14	243	1
335	243	1
41	243	1
55	243	1
44	243	1
244	243	1
315	243	1
34	243	1
451	243	1
290	243	1
113	243	1
452	243	1
278	243	1
10	243	1
20	243	1
208	243	1
11	243	1
299	243	1
218	243	1
95	243	1
104	243	1
59	243	1
43	243	1
453	243	1
291	243	1
231	243	1
77	243	1
212	243	1
112	243	1
358	243	1
302	243	1
454	243	1
367	243	1
183	243	1
338	243	1
223	243	1
395	243	1
98	243	1
455	243	1
115	243	1
175	243	1
209	243	1
456	243	1
166	243	1
308	243	1
15	243	1
324	243	1
396	243	1
374	243	1
125	243	1
207	243	1
457	243	1
61	243	1
103	243	1
79	243	1
214	243	1
53	243	1
354	243	1
22	243	1
66	243	1
458	243	1
86	243	1
256	243	1
12	243	1
6	243	1
301	243	1
18	243	1
151	243	1
80	243	1
409	243	1
459	243	1
460	243	1
306	243	1
461	243	1
200	243	1
462	243	1
42	243	1
463	243	1
238	243	1
388	243	1
186	243	1
464	243	1
465	243	1
35	243	1
373	243	1
320	243	1
387	243	1
216	243	1
56	243	1
266	243	1
32	243	1
377	243	1
225	243	1
466	243	1
101	243	1
105	243	1
342	243	1
93	243	1
114	243	0
345	243	0
169	243	0
128	243	0
13	243	0
346	243	0
467	243	0
203	243	0
468	243	0
287	243	0
313	243	0
124	243	0
469	243	0
470	471	1
472	471	1
77	471	1
473	471	1
15	471	1
150	471	1
12	471	1
474	471	1
67	471	1
475	471	1
165	471	1
142	471	1
46	471	1
51	471	1
247	471	1
56	471	1
149	471	1
124	471	1
476	471	1
54	471	1
365	471	1
164	471	1
135	471	1
112	471	1
17	471	1
63	471	1
477	471	1
13	471	1
214	471	1
28	471	1
451	471	1
20	471	1
47	471	1
478	471	1
158	471	1
83	471	1
108	471	1
25	471	1
48	471	1
195	471	1
207	471	1
43	471	1
55	471	1
101	471	1
30	471	1
175	471	1
196	471	1
32	471	1
479	471	1
10	471	1
60	471	1
208	471	1
53	471	1
27	471	1
146	471	1
209	471	1
254	471	1
11	471	1
390	471	1
315	471	1
138	471	1
6	471	1
480	471	1
102	471	1
79	471	1
230	471	1
364	471	1
37	471	1
160	471	1
16	471	1
145	471	1
481	471	1
482	471	1
483	471	1
484	471	1
59	471	1
414	471	1
80	471	1
98	471	1
447	471	1
169	471	1
485	471	1
197	471	1
249	471	1
75	471	1
171	471	1
185	471	1
95	471	1
486	471	1
487	471	1
99	471	1
23	471	1
488	471	1
69	471	1
39	471	1
489	471	1
224	471	1
376	471	1
490	471	1
377	471	1
93	471	1
148	471	1
203	471	0
394	471	0
134	471	0
126	471	0
491	471	0
168	471	0
130	471	0
17	6	1
215	6	1
382	6	1
172	6	1
324	6	1
138	6	1
360	6	1
53	6	1
493	6	1
254	6	1
18	6	1
2	6	1
233	6	1
157	6	1
186	6	1
11	6	1
54	6	1
75	6	1
323	6	1
28	6	1
59	6	1
256	6	1
114	6	1
117	6	1
154	6	1
135	6	1
318	6	1
12	6	1
80	6	1
328	6	1
267	6	1
124	6	1
36	6	1
352	6	1
87	6	1
354	6	1
20	6	1
51	6	1
494	6	1
209	6	1
64	6	1
13	6	1
43	6	1
495	6	1
22	6	1
496	6	1
4	6	1
44	6	1
231	6	1
103	6	1
416	6	1
497	6	1
261	6	1
224	6	1
41	6	1
498	6	1
10	6	1
101	6	1
104	6	1
55	6	1
499	6	1
42	6	1
158	6	1
136	6	1
77	6	1
98	6	1
218	6	1
379	6	1
230	6	1
37	6	1
259	6	1
38	6	1
143	6	1
206	6	1
102	6	1
105	6	1
380	6	1
202	6	1
358	6	1
181	6	1
264	6	1
16	6	0
126	6	0
46	6	0
29	6	0
237	6	0
134	6	0
239	6	0
112	6	0
130	6	0
268	6	0
60	6	0
208	6	0
253	6	0
291	6	0
214	6	0
123	6	0
345	6	0
125	6	0
296	6	0
469	6	0
322	6	0
282	6	0
4	101	1
385	101	1
113	101	1
63	101	1
87	101	1
34	101	1
54	101	1
46	101	1
11	101	1
111	101	1
239	101	1
138	101	1
30	101	1
158	101	1
31	101	1
42	101	1
146	101	1
247	101	1
55	101	1
185	101	1
51	101	1
5	101	1
6	101	1
15	101	1
207	101	1
191	101	1
177	101	1
95	101	1
135	101	1
77	101	1
167	101	1
13	101	1
48	101	1
137	101	1
56	101	1
53	101	1
16	101	1
413	101	1
224	101	1
209	101	1
90	101	1
74	101	1
416	101	1
112	101	1
110	101	1
58	101	1
299	101	1
128	101	1
27	101	1
28	101	1
324	101	1
230	101	1
69	101	1
67	101	1
214	101	1
123	101	1
104	101	1
62	101	1
37	101	1
114	101	1
165	101	1
210	101	1
335	101	1
83	101	1
99	101	1
379	101	1
47	101	1
187	101	1
105	101	1
52	101	1
43	101	1
85	101	1
151	101	1
254	101	1
103	101	1
36	101	1
124	101	1
59	101	1
414	101	1
282	101	1
98	101	1
117	101	1
25	101	1
44	101	1
108	101	1
300	101	1
206	101	1
120	101	0
16	408	1
37	408	1
158	408	1
140	408	1
9	408	1
268	408	1
5	408	1
31	408	1
15	408	1
55	408	1
54	408	1
104	408	1
185	408	1
146	408	1
11	408	1
32	408	1
51	408	1
247	408	1
110	408	1
95	408	1
416	408	1
87	408	1
77	408	1
135	408	1
214	408	1
29	408	1
113	408	1
13	408	1
43	408	1
187	408	1
48	408	1
130	408	1
64	408	1
46	408	1
28	408	1
103	408	1
443	408	1
6	408	1
67	408	1
299	408	1
4	408	1
30	408	1
98	408	1
112	408	1
41	408	1
27	408	1
407	408	1
171	408	1
142	408	1
143	408	1
211	408	1
137	408	1
56	408	1
413	408	1
39	408	1
19	408	1
341	408	1
20	408	1
10	408	1
44	408	1
69	408	1
18	408	1
105	408	1
258	408	1
422	408	1
62	408	1
492	408	1
126	408	1
101	408	1
83	408	1
202	408	1
224	408	1
186	408	1
249	408	1
125	408	1
255	408	1
209	408	1
100	408	1
114	408	1
206	408	1
93	408	1
61	408	1
134	408	0
238	408	0
12	408	0
442	408	0
203	408	0
138	408	0
169	408	0
351	9	1
16	9	1
31	9	1
258	9	1
46	9	1
138	9	1
244	9	1
4	9	1
364	9	1
50	9	1
123	9	1
113	9	1
53	9	1
23	9	1
112	9	1
217	9	1
51	9	1
461	9	1
61	9	1
240	9	1
131	9	1
436	9	1
90	9	1
56	9	1
54	9	1
77	9	1
207	9	1
22	9	1
104	9	1
5	9	1
98	9	1
43	9	1
142	9	1
394	9	1
302	9	1
337	9	1
42	9	1
218	9	1
28	9	1
12	9	1
418	9	1
64	9	1
261	9	1
451	9	1
75	9	1
491	9	1
186	9	1
349	9	1
6	9	1
24	9	1
11	9	1
95	9	1
13	9	1
385	9	1
59	9	1
34	9	1
158	9	1
114	9	1
206	9	1
44	9	1
20	9	1
196	9	1
135	9	1
60	9	1
264	9	1
203	9	1
208	9	1
189	9	1
37	9	1
35	9	1
99	9	1
134	9	1
40	9	1
298	9	1
18	9	1
10	9	1
303	9	1
360	9	1
160	9	1
168	9	1
103	9	1
209	9	1
230	9	1
32	9	1
309	9	1
390	9	1
85	9	1
266	9	1
126	9	0
124	9	0
247	12	1
17	12	1
223	12	1
224	12	1
335	12	1
387	12	1
145	12	1
16	12	1
136	12	1
365	12	1
36	12	1
102	12	1
37	12	1
13	12	1
360	12	1
98	12	1
46	12	1
54	12	1
28	12	1
94	12	1
114	12	1
209	12	1
85	12	1
43	12	1
4	12	1
6	12	1
53	12	1
190	12	1
366	12	1
86	12	1
339	12	1
264	12	1
15	12	1
328	12	1
208	12	1
313	12	1
498	12	1
138	12	1
218	12	1
239	12	1
358	12	1
367	12	1
296	12	1
150	12	1
42	12	1
211	12	1
349	12	1
157	12	1
249	12	1
198	12	1
51	12	1
261	12	1
52	12	1
44	12	1
354	12	1
77	12	1
282	12	1
302	12	1
113	12	1
222	12	1
379	12	1
294	12	1
241	12	1
322	12	1
267	12	1
11	12	1
20	12	1
272	12	1
63	12	1
334	12	1
437	12	1
108	12	1
97	12	1
135	12	1
263	12	1
221	12	1
105	12	1
125	12	1
47	12	1
331	12	1
448	12	1
158	12	1
342	12	1
436	12	1
69	12	1
392	12	1
258	12	1
217	12	1
39	12	1
445	12	1
495	12	1
207	12	1
55	12	0
124	12	0
182	12	0
450	12	0
134	12	0
7	12	0
112	12	0
337	12	0
318	12	0
203	12	0
130	12	0
195	12	0
323	12	0
465	12	0
468	12	0
268	12	0
431	12	0
123	12	0
320	12	0
104	12	0
390	12	0
45	12	0
256	12	0
335	152	1
247	152	1
135	152	1
13	152	1
298	152	1
202	152	1
40	152	1
224	152	1
20	152	1
34	152	1
75	152	1
18	152	1
360	152	1
60	152	1
28	152	1
311	152	1
61	152	1
44	152	1
138	152	1
95	152	1
37	152	1
366	152	1
31	152	1
279	152	1
4	152	1
42	152	1
113	152	1
46	152	1
6	152	1
142	152	1
56	152	1
134	152	1
16	152	1
258	152	1
158	152	1
30	152	1
230	152	1
11	152	1
15	152	1
43	152	1
32	152	1
10	152	1
349	152	1
322	152	1
54	152	1
12	152	1
104	152	1
5	152	1
390	152	1
131	152	1
47	152	1
146	152	1
90	152	1
112	152	1
23	152	1
96	152	1
302	152	1
243	152	1
77	152	1
318	152	1
7	152	1
305	152	1
328	152	1
191	152	1
261	152	1
55	152	1
181	152	1
217	152	1
460	152	1
313	152	1
62	152	1
382	152	1
208	152	1
99	152	1
176	152	1
291	152	1
167	152	1
143	152	1
282	152	1
493	152	1
114	152	1
274	152	1
214	152	1
59	152	1
436	152	1
358	152	1
238	152	1
17	152	1
426	152	1
221	152	1
85	152	1
206	152	1
53	152	1
207	152	1
151	152	1
356	152	1
266	152	1
299	152	1
394	152	0
276	10	1
371	10	1
28	10	1
237	10	1
203	10	1
46	10	1
71	10	1
130	10	1
360	10	1
336	10	1
16	10	1
134	10	1
43	10	1
135	10	1
99	10	1
351	10	1
6	10	1
18	10	1
13	10	1
494	10	1
80	10	1
189	10	1
158	10	1
211	10	1
267	10	1
95	10	1
341	10	1
394	10	1
205	10	1
343	10	1
385	10	1
477	10	1
61	10	1
20	10	1
51	10	1
373	10	1
406	10	1
126	10	1
358	10	1
125	10	1
468	10	1
209	10	1
63	10	1
37	10	1
114	10	1
14	10	1
493	10	1
222	10	1
22	10	1
123	10	1
231	10	1
53	10	1
159	10	1
241	10	1
491	10	1
94	10	1
495	10	1
115	10	1
313	10	1
55	10	1
214	10	1
325	10	1
112	10	0
239	10	0
247	10	0
97	10	0
255	10	0
29	10	0
150	10	0
154	10	0
44	10	0
465	10	0
124	10	0
328	10	0
243	10	0
59	10	0
499	10	0
352	10	0
113	10	0
86	10	0
497	10	0
266	10	0
254	10	0
498	10	0
58	10	0
64	10	0
136	10	0
446	10	0
289	10	0
60	10	0
195	10	0
165	10	0
452	10	0
200	10	0
338	10	0
104	10	0
35	10	0
402	10	0
393	10	0
249	10	0
308	241	1
328	241	1
224	241	1
233	241	1
104	241	1
134	241	1
203	241	1
458	241	0
406	241	0
322	241	0
64	241	0
206	241	0
305	241	0
207	241	0
5	241	0
138	241	0
46	37	1
16	37	1
12	37	1
360	37	1
18	37	1
126	37	1
158	37	1
22	37	1
55	37	1
54	37	1
36	37	1
363	37	1
43	37	1
134	37	1
218	37	1
231	37	1
13	37	1
53	37	1
75	37	1
20	37	1
112	37	1
243	37	1
224	37	1
11	37	1
6	37	1
208	37	1
324	37	1
186	37	1
51	37	1
10	37	1
323	37	1
59	37	1
237	37	1
447	37	1
135	37	1
306	37	1
29	37	1
44	37	1
80	37	1
498	37	1
60	37	1
95	37	1
94	37	1
209	37	1
101	37	1
328	37	1
431	37	1
187	37	1
34	37	1
4	37	1
291	37	1
354	37	1
214	37	1
382	37	1
261	37	1
104	37	1
123	37	1
491	37	1
85	37	1
393	37	1
495	37	1
377	37	1
220	37	1
98	37	1
259	37	1
365	37	1
264	37	1
357	37	1
263	37	1
52	37	1
256	37	0
58	37	0
138	37	0
450	37	0
327	37	0
457	37	0
313	37	0
124	37	0
337	37	0
488	37	0
465	37	0
325	37	0
358	37	0
145	37	0
102	37	0
345	37	0
103	37	0
352	37	0
38	37	0
171	37	0
215	37	0
64	37	0
338	37	0
157	37	0
114	37	0
445	37	0
28	37	0
322	37	0
113	37	0
254	17	1
308	17	1
53	17	1
269	17	1
215	17	1
360	17	1
63	17	1
240	17	0
103	17	0
282	17	0
112	17	0
351	17	0
151	17	0
259	17	0
382	17	0
337	17	0
38	17	0
335	396	1
247	396	1
239	396	1
13	396	1
491	396	1
103	396	1
315	396	1
187	396	1
17	396	1
16	396	1
18	396	1
328	396	1
306	396	1
258	396	1
15	396	1
47	396	1
261	396	1
308	396	1
365	396	1
416	396	1
12	396	1
46	396	1
53	396	1
6	396	1
224	396	1
38	396	1
43	396	1
394	396	0
203	396	0
317	396	0
56	396	0
134	396	0
60	396	0
64	396	0
157	396	0
344	396	0
215	396	0
418	396	0
364	396	0
208	396	0
34	396	0
54	396	0
28	396	0
358	396	0
104	396	0
402	396	0
112	396	0
168	396	0
477	396	0
1	396	0
74	67	1
46	67	1
10	67	1
121	67	1
258	67	1
85	67	1
98	67	1
129	67	1
27	67	1
396	67	0
247	67	0
322	67	0
112	67	0
138	67	0
282	67	0
465	67	0
63	67	0
2	67	0
124	67	0
433	67	0
183	67	0
255	67	0
55	67	0
242	67	0
54	67	0
83	67	0
416	67	0
208	67	0
194	67	0
447	67	0
7	67	0
150	67	0
214	67	0
259	67	0
436	67	0
195	67	0
94	67	0
345	110	1
31	110	1
131	110	1
134	110	1
122	110	1
303	110	1
313	110	1
103	110	1
142	110	1
143	110	1
26	110	1
85	110	1
12	110	1
325	110	1
8	110	1
451	110	1
66	110	1
342	110	1
61	110	1
98	110	1
28	110	1
402	110	1
2	110	1
126	110	1
102	110	1
117	110	1
67	110	1
83	110	0
15	110	0
105	110	0
286	110	0
200	110	0
255	110	0
112	110	0
168	110	0
138	110	0
6	110	0
64	110	0
95	110	0
436	110	0
45	110	0
46	110	0
5	110	0
396	110	0
13	110	0
367	110	0
169	110	0
282	110	0
104	110	0
416	110	0
392	110	0
133	110	0
54	110	0
247	110	0
55	110	0
214	110	0
443	110	0
136	110	0
18	110	0
257	110	0
135	110	0
124	110	0
33	110	0
224	110	0
204	110	0
462	110	0
141	110	0
16	110	0
239	110	0
431	110	0
187	110	0
44	110	0
229	110	0
308	283	1
328	283	1
87	283	1
53	283	1
305	283	1
17	283	1
239	283	1
16	283	1
247	283	1
187	283	1
13	283	1
206	283	1
396	283	1
5	283	1
12	283	1
4	283	1
28	283	1
22	283	1
42	283	1
46	283	1
54	283	1
264	283	1
224	283	1
104	283	1
447	283	1
43	283	1
77	283	1
138	283	1
6	283	1
302	283	1
18	283	1
190	283	1
218	283	1
258	283	1
451	283	1
279	283	1
34	283	1
93	283	1
20	283	1
380	283	1
385	283	1
209	283	1
358	283	1
261	283	1
287	283	1
64	283	1
253	283	1
177	283	1
176	283	1
114	283	1
165	283	1
208	283	1
417	283	1
267	283	1
497	283	1
365	283	1
270	283	1
44	283	1
195	283	1
15	283	1
214	283	1
47	283	1
63	283	1
38	283	1
315	283	1
51	283	1
103	283	1
85	283	1
436	283	0
134	283	0
203	283	0
183	283	0
102	283	0
491	283	0
123	283	0
124	283	0
60	283	0
126	283	0
66	283	0
55	283	0
105	283	0
337	283	0
56	283	0
465	283	0
25	283	0
390	283	0
291	283	0
61	283	0
83	283	0
276	283	0
17	308	1
315	308	1
16	308	1
258	308	1
102	308	1
53	308	1
247	308	0
335	308	0
240	308	0
38	308	0
351	308	0
55	308	0
465	308	0
215	308	0
195	308	0
206	308	0
396	308	0
220	308	0
205	308	0
104	308	0
56	308	0
135	308	0
13	160	1
157	160	1
243	160	1
12	160	1
259	160	1
239	160	1
302	160	1
323	160	1
83	160	1
415	160	1
17	160	1
422	160	1
152	160	1
124	160	1
266	160	1
168	160	1
171	160	1
158	160	1
85	160	1
265	160	1
222	160	1
102	160	1
214	160	1
218	160	1
50	160	1
46	160	1
129	160	1
75	160	1
98	160	1
99	160	1
122	160	1
322	160	1
368	160	1
371	160	1
191	160	1
77	160	1
71	160	1
10	160	1
292	160	1
489	160	1
399	160	1
376	160	1
420	160	1
364	160	1
95	160	1
59	160	1
345	160	1
42	160	1
286	160	1
238	160	1
94	160	1
32	160	1
282	160	1
80	160	1
128	160	1
212	160	1
436	160	1
454	160	1
394	160	1
86	160	1
58	160	1
25	160	1
62	160	1
114	160	1
116	160	1
28	160	1
190	160	1
103	160	1
367	160	1
11	160	1
112	160	1
276	160	1
123	160	0
268	160	0
134	160	0
125	160	0
121	160	0
61	160	0
249	160	0
211	160	0
126	160	0
224	160	0
298	422	1
59	422	1
54	422	1
301	422	1
43	422	1
87	422	1
336	422	1
22	422	1
218	422	1
162	422	1
399	422	1
265	422	1
233	422	1
46	422	1
402	422	1
116	422	1
226	422	1
338	422	1
183	422	1
238	422	1
231	422	1
158	422	1
32	422	1
113	422	1
11	422	1
278	422	1
16	422	1
437	422	1
112	422	1
60	422	1
284	422	1
186	422	1
221	422	1
17	422	1
308	422	1
18	422	1
6	422	1
160	422	1
207	422	1
415	422	1
15	422	1
323	422	1
239	422	1
42	422	1
261	422	1
257	422	1
99	422	1
214	422	1
12	422	1
34	422	1
324	422	1
200	422	1
208	422	1
37	422	1
95	422	1
190	422	1
166	422	1
80	422	1
243	422	1
299	422	1
10	422	1
448	422	1
281	422	1
230	422	1
302	422	1
171	422	1
224	422	1
187	422	1
44	422	1
134	422	1
77	422	1
464	422	1
331	422	1
330	422	1
47	422	1
98	422	1
75	422	1
104	422	1
35	422	1
105	422	1
62	422	1
114	422	1
269	422	1
366	422	1
344	422	1
4	422	1
215	422	1
237	422	0
123	422	0
61	422	0
128	422	0
124	422	0
121	422	0
349	422	0
102	422	0
86	13	1
364	13	1
85	13	1
28	13	1
174	13	1
50	13	1
12	13	1
399	13	1
494	13	1
371	13	1
22	13	1
243	13	1
367	13	1
10	13	1
87	13	1
59	13	1
35	13	1
95	13	1
103	13	1
360	13	1
23	13	1
239	13	1
294	13	1
126	13	1
224	13	1
218	13	1
160	13	1
124	13	1
200	13	1
284	13	1
157	13	1
368	13	1
499	13	1
222	13	1
42	13	1
140	13	1
255	13	1
355	13	1
230	13	1
77	13	1
169	13	1
148	13	1
68	13	1
193	13	1
82	13	1
29	13	1
385	13	1
380	13	1
125	13	1
365	13	1
268	13	1
58	13	1
114	13	1
171	13	1
241	13	1
302	13	1
98	13	1
83	13	1
465	13	1
41	13	1
276	13	1
118	13	1
394	13	0
249	13	0
352	13	0
123	13	0
322	13	0
214	13	0
203	13	0
134	13	0
113	13	0
121	13	0
231	13	0
128	13	0
97	13	0
211	13	0
454	112	1
268	112	1
182	112	1
222	112	1
12	112	1
159	112	1
42	112	1
193	112	1
14	112	1
214	112	1
122	112	1
208	112	1
186	112	1
75	112	1
371	112	1
243	112	1
86	112	1
58	112	1
59	112	1
148	112	1
85	112	1
113	112	1
10	112	1
114	112	1
322	112	1
402	112	1
418	112	1
431	112	1
61	112	1
294	112	1
134	112	1
124	112	1
77	112	1
15	112	1
473	112	1
233	112	1
80	112	1
190	112	1
171	112	1
197	112	1
238	112	1
169	112	1
189	112	1
164	112	1
474	112	1
356	112	1
210	112	1
32	112	1
211	112	1
125	112	1
383	112	1
151	112	1
25	112	1
445	112	1
323	112	1
162	112	1
239	112	1
136	112	1
118	112	1
399	112	1
183	240	1
46	240	1
218	240	1
99	240	1
78	240	1
16	240	1
298	240	1
87	240	1
226	240	1
177	240	1
223	240	1
231	240	1
158	240	1
154	240	1
299	240	1
15	240	1
13	240	1
186	240	1
244	240	1
257	240	1
445	240	1
18	240	1
152	240	1
11	240	1
54	240	1
102	240	1
77	240	1
241	240	1
17	240	1
364	240	1
265	240	1
12	240	1
243	240	1
335	240	1
238	240	1
251	240	1
224	240	1
415	240	1
112	240	1
122	240	1
204	240	1
233	240	1
151	240	1
6	240	1
447	240	1
61	240	1
230	240	1
354	240	1
306	240	1
289	240	1
113	240	1
32	240	1
104	240	1
4	240	1
34	240	1
308	240	1
267	240	1
98	240	1
311	240	1
28	240	1
53	240	1
225	240	1
229	240	1
169	240	1
365	240	1
165	240	1
221	240	1
295	240	1
171	240	1
291	240	1
253	240	1
150	240	1
215	240	1
23	240	1
69	240	1
14	240	1
239	240	1
22	240	1
41	240	1
465	240	1
114	240	1
284	240	1
456	240	1
426	240	1
124	240	1
342	240	1
190	240	1
302	240	1
269	240	1
360	240	1
35	240	1
108	240	1
287	240	1
424	240	1
80	240	1
366	240	1
266	240	1
350	240	1
82	240	1
20	240	1
272	240	1
300	240	1
336	240	1
105	240	1
10	240	0
134	240	0
214	240	0
256	240	0
128	240	0
103	240	0
345	240	0
281	240	0
166	240	0
60	240	0
313	240	0
294	240	0
123	240	0
29	240	0
468	240	0
275	240	0
388	240	0
334	240	0
140	360	1
230	360	1
458	360	1
13	360	1
169	360	1
157	360	1
371	360	1
456	360	1
302	360	1
243	360	1
349	360	1
375	360	1
186	360	1
134	360	1
200	360	1
366	360	1
183	360	1
112	360	1
298	360	1
365	360	1
166	360	1
265	360	1
80	360	1
32	360	1
11	360	1
192	360	1
10	360	1
46	360	1
221	360	1
208	360	1
268	360	1
158	360	1
324	360	1
444	360	1
274	360	1
23	360	1
244	360	1
83	360	1
95	360	1
28	360	1
44	360	1
214	360	1
24	360	1
410	360	1
105	360	1
82	360	1
454	360	1
415	360	1
322	360	1
17	360	1
93	360	1
77	360	1
25	360	1
482	360	1
313	360	1
218	360	1
240	360	1
266	360	1
75	360	1
189	360	1
414	360	1
14	360	1
114	360	1
85	360	1
12	360	1
424	360	1
294	360	1
50	360	1
364	360	1
367	77	1
465	77	1
385	77	1
182	77	1
214	77	1
112	77	1
13	77	1
114	77	1
32	77	1
58	77	1
414	77	1
158	77	1
87	77	1
302	77	1
356	77	1
192	77	1
265	77	1
68	77	1
75	77	1
99	77	1
247	77	1
166	77	1
244	77	1
243	77	1
14	77	1
157	77	1
12	77	1
233	77	1
145	77	1
200	77	1
413	77	1
134	77	1
447	77	1
60	77	1
218	77	1
80	77	1
11	77	1
224	77	1
17	77	1
292	77	1
207	77	1
393	77	1
240	77	1
140	77	1
10	77	1
221	77	1
186	77	1
122	77	1
294	77	1
62	77	1
25	77	1
322	77	1
230	77	1
85	77	1
436	77	1
93	77	1
18	77	1
415	77	1
313	77	1
402	77	1
152	77	1
28	77	1
118	77	1
105	77	1
123	77	1
225	77	1
108	77	1
477	77	1
119	77	1
171	77	1
457	77	1
95	77	1
124	77	1
409	77	1
455	77	1
266	77	1
190	77	1
191	77	1
59	77	1
311	77	1
445	192	1
151	192	1
200	192	1
11	192	1
238	192	1
219	192	1
13	192	1
367	192	1
239	192	1
265	192	1
243	192	1
7	192	1
489	192	1
98	192	1
50	192	1
10	192	1
349	192	1
134	192	1
28	192	1
183	192	1
122	192	1
42	192	1
430	192	1
302	192	1
119	192	1
194	192	1
71	192	1
409	192	1
148	192	1
364	192	1
214	192	1
191	192	1
157	192	1
154	192	1
171	192	1
360	192	1
46	192	1
224	192	1
415	192	1
402	192	1
350	192	1
112	192	1
414	192	1
372	192	1
189	192	1
390	192	1
12	192	1
244	192	1
186	192	1
158	192	1
99	192	1
95	192	1
168	192	1
166	192	1
218	192	1
77	192	1
375	192	1
32	192	1
17	192	1
211	192	1
102	192	1
338	192	1
128	192	1
311	192	1
305	192	1
426	192	1
496	192	1
221	192	1
247	192	1
334	192	1
230	192	1
456	192	1
458	192	1
225	192	1
80	192	1
268	192	1
278	192	1
23	192	1
139	192	1
274	192	1
324	192	1
145	192	1
83	192	1
59	192	1
44	192	1
322	192	1
105	192	1
477	192	1
454	192	1
73	192	1
93	192	1
494	192	1
25	192	1
292	192	1
377	192	1
63	192	1
61	192	1
424	192	1
371	192	1
284	192	1
202	192	1
309	192	1
75	192	1
118	192	1
103	192	1
425	192	1
270	192	1
240	192	1
296	192	1
114	192	1
256	192	1
136	192	1
266	192	1
306	192	1
371	238	1
157	238	1
211	238	1
259	238	1
360	238	1
12	238	1
233	238	1
103	238	1
454	238	1
342	238	1
148	238	1
162	238	1
334	238	1
113	238	1
80	238	1
402	238	1
41	238	1
151	238	1
114	238	1
42	238	1
35	238	1
307	238	1
112	238	1
125	238	1
191	238	1
367	238	1
224	238	1
396	238	1
10	238	1
189	238	1
28	238	1
489	238	1
29	238	1
75	238	1
186	238	1
182	238	1
72	238	1
158	238	1
66	238	1
399	238	1
7	238	1
121	238	1
15	238	1
359	238	1
171	238	1
349	238	1
193	238	1
306	238	1
105	238	1
350	238	1
294	238	1
436	238	1
424	238	1
134	238	0
123	238	0
302	385	1
183	385	1
83	385	1
455	385	1
87	385	1
112	385	1
13	385	1
38	385	1
243	385	1
375	385	1
32	385	1
17	385	1
119	385	1
265	385	1
46	385	1
42	385	1
10	385	1
15	385	1
247	385	1
224	385	1
230	385	1
349	385	1
186	385	1
28	385	1
134	385	1
415	385	1
129	385	1
166	385	1
80	385	1
11	385	1
168	385	1
158	385	1
268	385	1
324	385	1
98	385	1
274	385	1
123	385	1
231	385	1
214	385	1
207	385	1
44	385	1
105	385	1
454	385	1
331	385	1
494	385	1
77	385	1
25	385	1
23	385	1
322	385	1
218	385	1
240	385	1
266	385	1
152	385	1
447	385	1
313	385	1
75	385	1
189	385	1
114	385	1
306	385	1
124	385	1
233	120	1
17	120	1
238	120	0
335	120	0
247	120	0
437	120	0
299	120	0
112	120	0
28	120	0
398	120	0
327	120	0
95	120	0
11	120	0
59	120	0
256	120	0
450	120	0
63	120	0
194	120	0
196	120	0
134	120	0
44	120	0
308	120	0
6	120	0
130	120	0
254	120	0
61	120	0
16	46	1
278	46	1
437	46	1
181	46	1
87	46	1
331	46	1
372	46	1
103	46	1
32	46	1
387	46	1
54	46	1
342	46	1
17	46	1
98	46	1
384	46	0
234	46	0
105	46	0
238	46	0
121	46	0
322	46	0
203	46	0
330	46	0
11	46	0
396	46	0
207	46	0
134	46	0
465	46	0
130	46	0
489	46	0
256	46	0
128	46	0
402	46	0
60	46	0
87	221	1
405	221	1
209	221	1
113	221	1
61	221	1
12	221	1
44	221	0
396	221	0
121	221	0
334	221	0
41	221	0
28	221	0
265	221	0
95	221	0
197	221	0
214	221	0
239	221	0
130	221	0
190	221	0
268	221	0
22	221	0
140	221	0
13	221	0
124	221	0
368	221	0
42	221	0
367	221	0
238	221	0
371	221	0
105	221	0
200	221	0
360	221	0
166	221	0
255	221	0
284	221	0
97	221	0
343	17	1
489	17	0
364	17	0
330	17	0
158	17	0
247	17	0
415	17	0
102	17	0
183	17	0
168	17	0
426	224	1
169	224	1
11	224	1
218	224	1
424	224	1
231	224	1
183	224	1
239	224	1
46	224	1
53	224	1
265	224	1
16	224	1
12	224	1
407	224	1
243	224	1
61	224	1
23	224	1
233	224	1
13	224	1
14	224	1
17	224	1
335	224	1
204	224	1
299	224	1
41	224	1
226	224	1
6	224	1
54	224	1
367	224	1
44	224	1
15	224	1
124	224	1
342	224	1
190	224	1
464	224	1
10	224	1
99	224	1
269	224	1
7	224	1
22	224	1
113	224	0
134	224	0
247	224	0
268	224	0
281	224	0
284	224	0
465	224	0
445	224	0
237	224	0
122	224	0
214	224	0
253	224	0
294	224	0
29	224	0
265	278	1
44	278	1
324	278	1
140	278	1
491	278	1
238	278	1
102	278	1
274	278	1
80	278	1
42	278	1
62	278	1
85	278	1
221	278	1
169	278	1
349	278	1
27	278	1
322	278	0
121	278	0
11	278	0
247	278	0
7	278	0
12	278	0
130	278	0
46	278	0
83	278	0
14	278	0
224	278	0
10	278	0
415	278	0
200	278	0
61	278	0
284	278	0
25	278	0
444	278	0
390	278	0
168	278	0
401	278	0
283	243	1
83	243	1
85	243	1
259	243	1
318	243	1
189	243	1
334	243	1
180	243	1
240	243	1
158	243	1
97	243	1
63	243	1
197	243	1
349	243	1
239	243	1
121	243	0
130	243	0
294	243	0
422	243	0
123	243	0
394	243	0
221	243	0
29	243	0
13	219	1
113	219	1
258	219	1
207	219	1
16	219	1
299	219	1
46	219	1
302	219	1
15	219	1
224	219	1
11	219	1
265	219	1
17	219	1
6	219	1
218	219	1
226	219	1
34	219	1
22	219	1
214	219	1
60	219	1
136	219	1
383	219	1
256	219	1
55	219	1
62	219	1
345	219	0
169	219	0
280	219	0
313	219	0
103	219	0
203	219	0
289	219	0
102	219	0
134	219	0
239	219	0
127	219	0
241	219	0
394	219	0
4	219	0
458	219	0
343	219	0
54	219	0
133	219	0
257	219	0
330	219	0
168	219	0
104	219	0
452	190	1
224	190	1
12	190	1
302	190	1
367	190	1
80	190	1
28	190	1
214	190	1
112	190	1
41	190	1
182	190	1
322	190	1
94	190	1
219	190	1
186	190	1
10	190	1
243	190	1
405	190	1
397	190	1
342	190	1
50	190	1
239	190	1
306	190	1
113	190	1
394	190	1
249	190	1
193	190	1
233	190	1
87	190	1
165	190	1
49	190	1
421	190	1
324	190	1
191	190	1
85	190	1
123	190	1
7	190	1
298	190	1
399	190	1
276	190	1
42	190	1
424	190	1
423	190	1
352	190	1
151	190	1
435	190	0
282	190	0
345	190	0
477	190	0
454	190	0
253	190	0
465	190	0
121	190	0
61	190	0
130	190	0
390	190	0
35	190	0
444	190	0
124	190	0
103	190	0
288	190	0
350	190	0
394	36	1
87	36	1
238	36	1
169	36	1
239	36	1
103	36	1
364	36	1
41	36	1
380	36	1
265	36	1
197	36	1
191	36	1
42	36	1
208	36	1
214	36	0
240	36	0
114	36	0
17	36	0
112	36	0
224	36	0
12	36	0
200	36	0
221	36	0
44	36	0
231	36	0
59	36	0
282	36	0
296	324	1
140	324	1
350	324	1
447	324	1
13	324	1
219	324	1
265	324	1
42	324	1
28	324	1
375	324	1
435	324	1
128	324	1
338	324	1
221	324	1
75	324	1
445	324	1
367	324	1
186	324	1
360	324	1
22	324	1
157	324	1
14	324	1
243	324	1
105	324	1
60	324	1
302	324	1
169	324	1
402	324	1
462	324	1
191	324	1
477	324	1
171	324	1
239	324	1
114	324	1
414	324	1
10	324	1
266	324	1
209	324	1
190	324	1
32	324	1
102	324	1
247	324	1
158	324	1
365	324	1
80	324	1
218	324	1
44	324	1
455	324	1
168	324	1
349	324	1
59	324	1
98	324	1
62	324	1
116	324	1
29	324	1
278	324	1
17	324	1
47	324	1
415	324	1
268	324	0
123	324	0
122	324	0
331	324	0
134	324	0
322	324	0
496	324	0
11	324	0
61	324	0
465	324	0
58	324	0
396	324	0
129	324	0
121	324	0
189	324	0
237	324	0
15	324	0
211	324	0
12	324	0
249	324	0
166	324	0
380	324	0
113	324	0
38	98	1
121	98	0
54	98	0
18	98	0
406	98	0
127	98	0
282	98	0
34	98	0
12	98	0
157	98	0
11	98	0
16	98	0
162	98	0
281	98	0
6	98	0
113	98	0
211	98	0
44	98	0
368	98	0
95	98	0
352	98	0
28	98	0
112	98	0
59	98	0
134	98	0
221	169	1
345	169	1
13	169	1
28	169	1
360	169	1
268	169	1
182	169	1
118	169	1
365	169	1
209	169	1
238	169	1
447	169	0
134	169	0
121	169	0
414	169	0
240	169	0
214	169	0
390	169	0
151	169	0
10	169	0
95	169	0
112	169	0
318	169	0
444	169	0
130	169	0
259	169	0
12	169	0
46	169	1
239	169	1
279	169	1
16	169	1
269	169	1
34	169	1
241	169	1
162	169	1
108	169	1
366	169	1
496	169	0
18	169	0
133	169	0
128	169	0
113	169	0
281	169	0
208	169	0
54	169	0
282	169	0
196	169	0
255	169	0
230	169	0
256	169	0
59	169	0
46	96	1
71	96	1
80	96	1
208	96	1
54	96	1
336	96	1
237	96	1
342	96	1
123	96	1
289	96	1
32	96	1
43	96	1
226	96	1
61	96	1
93	96	1
62	96	1
10	96	1
169	96	1
278	96	1
197	96	1
121	96	0
64	96	0
281	96	0
360	96	0
239	96	0
130	96	0
85	96	0
134	96	0
128	96	0
127	96	0
308	96	0
214	96	0
11	96	0
268	96	0
95	96	0
58	96	0
338	96	0
334	96	0
112	96	0
183	96	0
359	96	0
6	96	0
284	96	0
287	96	0
190	96	0
257	96	0
330	96	0
196	96	0
256	96	0
488	96	0
436	96	0
323	41	1
61	41	1
233	41	1
12	41	1
38	41	1
222	41	1
204	41	1
112	41	1
182	41	1
85	41	1
151	41	1
63	41	1
86	41	1
76	41	1
197	41	1
98	41	1
75	41	1
23	41	1
59	41	1
241	41	1
80	41	1
224	41	1
32	41	1
94	41	1
307	41	1
134	41	0
25	41	0
214	41	0
121	41	0
29	41	0
28	41	0
10	41	0
128	41	0
243	41	0
238	41	0
324	41	0
296	41	0
162	41	0
124	41	0
103	41	0
364	140	1
365	140	1
183	140	1
335	140	1
360	140	1
358	140	1
283	140	1
194	140	1
222	140	1
367	140	1
125	140	1
456	140	1
371	140	1
247	140	1
16	140	1
383	140	1
18	140	1
381	140	1
366	140	1
334	140	1
15	140	1
218	140	1
87	140	1
350	140	1
28	140	1
214	140	1
287	140	1
103	140	1
265	140	1
157	140	1
393	140	1
128	140	1
60	140	1
136	140	1
276	140	1
134	140	1
47	140	1
80	140	1
75	140	1
54	140	1
114	140	0
281	140	0
426	140	0
102	140	0
352	140	0
112	140	0
437	140	0
239	140	0
10	140	0
402	140	0
121	140	0
113	140	0
249	140	0
240	140	0
330	140	0
269	140	0
7	140	0
496	140	0
325	140	0
415	334	1
13	334	1
336	334	1
386	334	1
46	334	1
62	334	1
302	334	1
10	334	1
17	334	1
443	334	1
322	334	1
42	334	1
241	334	1
16	334	1
54	334	1
342	334	1
283	334	1
221	334	1
186	334	1
18	334	1
355	334	1
224	334	1
393	334	1
180	334	1
134	334	1
218	334	1
166	334	1
28	334	1
77	334	1
112	334	1
87	334	1
98	334	1
437	334	1
269	334	1
60	334	1
183	334	1
258	334	1
34	334	1
169	334	1
214	334	1
208	334	1
256	334	1
380	334	1
267	334	1
85	334	1
125	334	1
243	334	1
387	334	1
86	334	1
249	334	1
105	334	1
50	334	1
102	334	1
207	334	1
176	334	1
209	334	1
222	334	1
356	334	1
80	334	1
99	334	1
465	334	1
38	334	1
306	334	1
239	334	1
71	334	1
280	334	0
394	334	0
121	334	0
468	334	0
247	334	0
318	334	0
130	334	0
128	334	0
294	334	0
287	334	0
477	334	0
281	334	0
123	334	0
330	334	0
367	334	0
288	334	0
124	334	0
454	334	0
168	334	0
445	334	0
298	402	1
276	402	1
62	402	1
42	402	1
360	402	1
77	402	0
166	402	0
394	402	0
13	402	0
44	402	0
202	402	0
46	402	0
124	402	0
134	402	0
230	402	0
415	402	0
112	402	0
302	402	0
396	402	0
168	402	0
54	402	0
113	7	1
350	7	1
87	7	1
86	7	1
75	7	1
63	7	1
194	7	1
193	7	1
25	7	1
371	7	1
224	7	1
268	7	0
164	7	0
281	7	0
238	7	0
221	283	1
455	283	1
119	283	1
394	283	1
415	283	1
278	283	1
136	283	1
254	283	1
62	283	1
207	283	1
301	283	1
401	283	1
330	283	1
215	283	1
112	283	0
172	283	0
393	283	0
243	283	0
80	283	0
29	283	0
477	283	0
86	371	1
367	371	1
28	371	1
105	371	1
38	371	1
211	371	1
396	371	1
63	371	1
94	371	1
339	371	1
32	371	1
375	371	1
214	371	1
125	371	1
169	371	1
414	371	1
407	371	1
356	371	1
209	371	1
164	371	1
114	371	1
66	371	1
134	371	1
491	371	1
350	371	1
113	371	1
307	371	1
489	371	1
128	371	1
80	371	1
239	371	1
224	371	1
45	371	1
59	371	1
182	371	1
464	371	1
268	371	1
44	371	1
7	371	1
136	371	1
323	371	1
15	371	1
347	371	1
349	371	1
42	371	1
409	371	1
61	371	1
158	371	1
135	371	1
171	371	1
233	371	1
82	371	1
294	371	1
83	371	1
12	371	1
445	371	1
272	371	1
370	371	1
469	371	1
454	371	1
29	371	0
172	319	1
222	319	1
38	319	1
224	319	1
307	319	1
113	319	1
191	319	1
371	319	1
273	319	1
281	319	1
28	319	1
268	319	1
445	319	1
105	319	1
15	319	1
157	319	1
86	319	1
182	319	1
83	319	1
44	319	1
164	319	1
143	319	1
151	319	1
350	319	1
414	319	1
186	319	1
435	319	1
328	319	1
450	319	1
29	319	1
12	319	1
410	319	1
7	319	1
225	319	1
272	319	1
158	319	1
69	319	1
197	319	1
50	319	1
294	319	1
82	319	1
159	319	1
124	319	1
32	319	1
75	319	1
324	319	1
114	319	1
349	319	1
342	319	1
62	319	1
193	319	0
371	28	1
42	28	1
182	28	1
230	28	1
224	28	1
211	28	1
7	28	1
113	28	1
41	28	1
323	28	1
265	28	1
307	28	1
12	28	1
69	28	1
435	28	1
222	28	1
349	28	1
186	28	1
449	28	1
477	28	1
128	28	1
328	28	1
105	28	1
445	28	1
83	28	1
380	28	1
193	28	1
268	28	1
94	28	1
158	28	1
32	28	1
123	28	1
249	28	1
454	28	1
124	28	1
136	28	1
125	28	1
431	28	1
44	28	1
410	28	1
171	28	1
494	28	1
82	28	1
214	28	1
359	28	1
164	28	1
86	28	1
456	28	1
414	28	1
365	28	1
114	28	1
429	28	1
169	28	1
370	28	1
191	28	1
281	28	1
62	28	1
189	28	1
319	28	1
344	28	1
61	28	1
180	28	1
63	28	1
371	296	1
222	296	1
307	296	1
409	296	1
449	296	1
86	296	1
59	296	1
231	296	1
370	296	1
324	296	1
105	296	1
342	296	1
356	296	1
407	296	1
10	296	1
298	296	1
224	296	1
214	296	1
15	296	1
191	296	1
61	296	1
331	296	1
80	296	1
135	296	1
94	296	1
134	296	1
32	296	1
169	296	1
204	296	1
323	296	1
28	296	1
469	296	1
390	296	1
44	296	1
124	296	1
355	296	1
7	296	1
484	296	1
97	296	1
171	296	1
445	296	1
249	296	1
114	296	1
424	296	1
359	296	1
118	296	1
166	296	0
123	296	0
103	296	0
169	370	1
233	370	1
222	370	1
298	370	1
102	370	1
113	370	1
324	370	1
371	370	1
454	370	1
42	370	1
135	370	1
356	370	1
354	370	1
12	370	1
409	370	1
61	370	1
323	370	1
14	370	1
32	370	1
294	370	1
214	370	1
342	370	1
134	370	1
127	370	1
59	370	1
136	370	1
377	370	1
128	370	1
239	370	1
125	370	1
44	370	1
350	370	1
209	370	1
133	370	1
80	370	1
55	370	1
180	370	1
25	370	1
444	370	1
171	370	1
410	370	1
123	370	1
407	370	1
114	370	1
140	370	1
445	370	1
281	370	1
431	370	1
381	447	1
359	447	1
182	447	1
172	447	1
260	447	1
7	447	1
371	447	1
224	447	1
38	447	1
265	447	1
28	447	1
37	447	1
328	447	1
407	447	1
113	447	1
249	447	1
431	447	1
128	447	1
458	447	1
222	447	1
448	447	1
445	447	1
105	447	1
365	447	1
121	447	1
499	447	1
376	447	1
159	447	1
444	447	1
342	447	1
86	447	1
273	447	1
80	447	1
186	447	1
230	447	1
313	447	1
294	447	1
434	447	1
243	447	1
82	447	1
349	447	1
29	447	1
12	447	1
94	447	1
209	447	1
307	447	1
114	447	1
456	447	1
19	447	1
44	447	1
264	447	1
50	447	1
62	447	1
470	447	1
454	447	1
32	447	1
414	447	1
377	447	1
488	447	1
288	447	1
214	447	1
75	447	1
42	447	1
394	447	1
436	447	1
126	447	0
61	447	0
140	354	1
247	354	1
371	354	1
233	354	1
307	354	1
224	354	1
83	354	1
298	354	1
32	354	1
113	354	1
97	354	1
135	354	1
61	354	1
356	354	1
133	354	1
50	354	1
355	354	1
377	354	1
323	354	1
14	354	1
59	354	1
393	354	1
159	354	1
44	354	1
365	354	1
102	354	1
193	354	1
342	354	1
222	354	1
86	354	1
278	354	1
360	354	1
370	354	1
409	354	1
42	354	1
114	354	1
376	354	1
105	354	1
169	354	1
324	354	1
276	354	1
290	354	1
390	354	0
121	354	0
134	354	0
164	354	0
25	354	0
296	354	0
83	105	1
182	105	1
28	105	1
298	105	1
113	105	1
194	105	1
94	105	1
265	105	1
191	105	1
449	105	1
32	105	1
158	105	1
371	105	1
41	105	1
61	105	1
324	105	1
328	105	1
307	105	1
454	105	1
413	105	1
44	105	1
7	105	1
260	105	1
355	105	1
171	105	1
394	105	1
12	105	1
407	105	1
468	105	1
249	105	1
243	105	1
224	105	1
390	105	1
186	105	1
128	105	1
365	105	1
114	105	1
209	105	1
340	105	1
189	105	1
214	105	1
126	105	1
69	105	1
86	105	1
274	105	1
62	105	1
456	105	1
68	105	1
82	105	1
294	105	1
350	105	1
124	105	1
445	105	1
159	105	1
268	105	0
281	105	0
123	105	0
125	105	0
347	105	0
339	105	0
264	105	0
323	105	0
344	105	0
136	42	1
28	42	1
359	42	1
224	42	1
265	42	1
323	42	1
32	42	1
409	42	1
41	42	1
113	42	1
281	42	1
171	42	1
15	42	1
268	42	1
164	42	1
82	42	1
186	42	1
328	42	1
214	42	1
44	42	1
350	42	1
114	42	1
307	42	1
393	42	1
87	42	1
491	42	0
123	42	0
61	171	1
83	171	1
105	171	1
113	171	1
352	171	1
28	171	1
158	171	1
265	171	1
86	171	1
12	171	1
224	171	1
409	171	1
349	171	1
211	171	1
94	171	1
32	171	1
499	171	1
494	171	1
44	171	1
222	171	1
186	171	1
328	171	1
159	171	1
143	171	1
445	171	1
82	171	1
307	171	1
444	171	1
197	171	1
214	171	1
62	171	1
114	171	1
38	171	1
281	171	0
169	113	1
108	113	1
135	113	1
83	113	1
190	113	1
307	113	1
409	113	1
239	113	1
356	113	1
371	113	1
491	113	1
38	113	1
224	113	1
418	113	1
7	113	1
60	113	1
323	113	1
288	113	1
260	113	1
489	113	1
42	113	1
134	113	1
44	113	1
157	113	1
32	113	1
214	113	1
69	113	1
407	113	1
114	113	1
94	113	1
394	113	1
370	113	1
191	113	1
462	113	1
87	113	1
367	113	1
189	113	1
210	113	1
324	113	1
72	113	1
342	113	1
171	113	1
25	113	1
105	113	1
208	113	1
233	113	1
252	113	1
445	113	1
172	113	1
10	113	1
350	113	1
434	113	1
180	113	1
166	113	1
454	113	1
197	113	1
456	113	1
204	113	1
230	113	1
102	412	1
121	412	1
209	412	1
128	412	1
268	412	1
233	412	1
32	412	1
371	412	1
94	412	1
134	412	1
140	412	1
214	412	1
224	412	1
222	412	1
261	412	1
298	412	1
394	412	1
59	412	1
50	412	1
191	412	1
12	412	1
29	412	1
82	412	1
105	412	1
274	412	1
186	412	1
63	412	1
342	412	1
44	412	1
323	412	1
169	412	1
86	412	1
454	412	1
42	412	1
197	412	1
294	412	1
447	412	1
10	412	1
114	412	1
25	412	1
370	412	1
189	412	1
118	412	1
352	412	0
454	290	1
371	290	1
113	290	1
169	290	1
323	290	1
140	290	1
164	290	1
61	290	1
307	290	1
134	290	1
182	290	1
489	290	1
444	290	1
278	290	1
409	290	1
114	290	1
14	290	1
86	290	1
447	290	1
214	290	1
105	290	1
32	290	1
370	290	1
222	290	1
233	290	1
186	290	1
209	290	1
59	290	1
102	290	1
360	290	1
44	290	1
342	290	1
7	290	1
339	290	1
23	290	1
82	290	1
29	290	1
191	290	1
356	290	1
133	290	1
445	290	1
261	290	1
224	290	1
83	290	1
171	290	1
15	290	1
135	290	1
12	290	1
127	290	0
281	290	0
394	290	0
298	164	1
265	164	1
28	164	1
42	164	1
61	164	1
260	164	1
32	164	1
323	164	1
136	164	1
83	164	1
113	164	1
371	164	1
114	164	1
445	164	1
409	164	1
407	164	1
224	164	1
105	164	1
41	164	1
294	164	1
307	164	1
59	164	1
158	164	1
414	164	1
494	164	1
171	164	1
44	164	1
10	164	1
197	164	1
82	164	1
214	164	1
182	164	1
444	164	1
69	164	1
189	164	1
222	164	1
29	164	1
191	164	1
268	164	1
319	164	1
396	164	1
281	164	1
349	164	1
135	164	1
68	164	1
38	164	1
375	164	1
398	164	1
193	164	1
491	164	0
114	94	1
86	94	1
37	94	1
350	94	1
371	94	1
135	94	1
307	94	1
66	94	1
233	94	1
22	94	1
464	94	1
125	94	1
264	94	1
105	94	1
28	94	1
42	94	1
143	94	1
282	94	1
268	94	1
134	94	1
123	94	1
356	94	1
128	94	1
253	94	1
169	94	1
83	94	1
292	94	1
68	94	1
171	94	1
342	94	1
136	94	1
204	94	1
494	94	1
323	94	1
209	94	1
454	94	1
191	94	1
376	94	1
380	94	1
260	94	1
319	94	1
456	94	1
19	94	1
344	94	1
409	94	1
324	94	1
424	94	1
158	94	1
224	94	1
197	94	1
394	94	1
222	94	1
44	94	1
118	94	1
447	94	1
103	94	1
290	94	1
352	94	1
276	94	1
298	94	1
236	94	0
365	94	0
133	94	0
247	94	0
379	94	0
39	94	0
450	94	0
126	94	0
124	94	0
121	94	0
265	94	0
164	94	0
193	94	0
214	94	0
469	94	0
10	94	0
371	284	1
323	284	1
367	284	1
233	284	1
105	284	1
12	284	1
29	284	1
28	284	1
113	284	1
63	284	1
214	284	1
342	284	1
114	284	1
435	284	1
118	284	1
126	284	1
211	284	1
86	284	1
59	284	1
122	284	1
394	284	1
10	284	1
431	284	1
209	284	1
148	284	1
356	284	1
136	284	1
255	284	1
190	284	1
82	284	1
278	284	1
150	284	1
191	284	1
340	284	1
8	284	1
224	284	1
169	284	1
318	284	1
151	284	1
355	284	1
276	284	1
249	284	1
7	284	1
239	284	1
42	284	1
61	284	1
134	284	0
121	284	0
123	284	0
281	284	0
164	284	0
128	284	0
396	323	1
454	323	1
102	323	1
209	323	1
127	323	1
239	323	1
371	323	1
222	323	1
233	323	1
86	323	1
128	323	1
7	323	1
10	323	1
402	323	1
268	323	1
108	323	1
15	323	1
261	323	1
134	323	1
39	323	1
59	323	1
12	323	1
82	323	1
32	323	1
105	323	1
42	323	1
114	323	1
169	323	1
489	323	1
214	323	1
118	323	1
49	323	1
44	323	1
210	323	1
25	323	1
83	323	1
447	323	1
224	323	1
159	323	1
186	323	1
249	323	1
370	323	1
445	323	1
386	323	1
94	323	1
36	323	1
298	323	1
349	323	1
230	323	1
282	323	1
69	323	1
166	323	1
123	323	0
352	151	1
172	151	1
28	151	1
454	151	1
405	151	1
233	151	1
12	151	1
192	151	1
397	151	1
284	151	1
15	151	1
427	151	1
367	151	1
260	151	1
61	151	1
239	151	1
371	151	1
210	151	1
391	151	1
190	151	1
83	151	1
342	151	1
323	151	1
445	151	1
222	151	1
214	151	1
224	151	1
340	151	1
126	151	1
50	151	1
59	151	1
468	151	1
171	151	1
197	151	1
444	151	1
94	151	1
114	151	1
209	151	1
303	151	1
189	151	1
118	151	1
282	151	1
68	151	1
44	151	1
281	151	0
409	239	1
491	239	1
407	239	1
224	239	1
356	239	1
414	239	1
59	239	1
222	239	1
209	239	1
134	239	1
214	239	1
323	239	1
233	239	1
169	239	1
489	239	1
32	239	1
82	239	1
61	239	1
371	239	1
86	239	1
28	239	1
44	239	1
370	239	1
114	239	1
350	239	1
454	239	1
94	239	1
390	239	0
123	239	0
239	206	1
233	206	1
113	206	1
356	206	1
166	206	1
268	206	1
323	206	1
371	206	1
209	206	1
324	206	1
491	206	1
169	206	1
414	206	1
210	206	1
224	206	1
14	206	1
214	206	1
80	206	1
44	206	1
82	206	1
159	206	1
164	206	1
190	206	1
12	206	1
134	206	1
444	206	1
445	206	1
69	206	1
418	206	1
133	206	1
10	206	1
182	206	1
83	206	1
197	206	1
114	206	1
7	206	1
105	206	1
309	206	1
488	439	0
265	439	0
172	439	0
164	439	0
113	439	0
222	439	0
28	439	0
342	193	1
222	193	1
182	193	1
233	193	1
10	193	1
15	193	1
191	193	1
298	193	1
209	193	1
94	193	0
214	193	0
253	193	0
135	193	0
239	193	0
231	193	0
44	127	1
200	127	1
12	127	1
278	127	1
87	127	1
209	127	1
25	127	1
281	127	0
390	127	0
238	127	0
105	127	0
61	127	0
28	127	0
465	127	0
126	127	0
134	127	0
214	127	0
249	127	0
284	127	0
61	233	1
323	233	1
371	233	1
113	233	1
396	233	0
135	233	0
193	233	0
28	233	0
472	112	1
172	112	1
28	112	1
266	112	1
249	112	1
44	112	1
458	112	1
126	112	1
209	112	1
488	112	1
409	112	1
143	112	1
22	112	1
344	112	1
184	112	1
394	112	1
62	112	1
352	112	1
63	112	1
166	112	1
260	112	0
83	112	0
489	112	0
288	112	0
7	112	0
328	112	0
436	112	0
103	112	0
69	112	0
303	112	0
276	112	0
233	328	1
105	328	0
214	328	0
323	169	1
86	169	1
265	169	1
191	169	1
224	169	1
243	169	1
29	169	1
62	169	1
328	169	1
164	169	0
126	169	0
83	169	0
298	169	0
41	169	0
61	169	0
491	169	0
398	169	0
494	169	0
449	169	0
69	169	0
339	169	0
105	169	0
454	169	1
407	169	1
328	284	1
409	284	1
62	284	1
32	284	1
265	284	1
243	284	1
44	284	1
69	284	1
22	284	1
124	284	1
414	284	1
393	284	1
14	284	0
41	284	0
303	284	0
491	284	0
83	367	1
127	367	1
86	367	1
77	367	1
7	367	1
94	367	1
340	367	1
190	367	1
445	367	1
136	367	1
12	367	1
42	367	1
323	367	1
371	367	1
102	367	1
128	367	1
278	367	1
409	367	1
377	367	1
458	367	1
45	367	1
435	367	1
105	367	1
145	367	1
223	367	1
61	367	1
454	367	1
350	367	1
172	367	1
239	367	1
449	367	1
222	367	1
360	367	1
224	367	1
143	367	1
10	367	1
68	367	1
182	367	1
249	367	1
214	367	1
452	367	1
296	367	1
298	367	1
59	367	1
342	367	1
198	367	1
255	367	0
281	367	0
29	367	0
123	367	0
465	367	0
122	367	0
125	367	0
140	367	0
121	367	0
390	367	0
494	367	0
133	367	0
126	367	0
211	367	0
166	367	0
134	367	0
130	367	0
414	367	0
456	367	0
186	367	0
294	367	0
29	272	1
298	272	1
407	272	1
80	272	1
324	272	1
194	272	1
66	272	1
28	272	1
68	272	1
265	272	1
307	272	1
32	272	1
15	272	1
69	272	1
488	272	1
224	272	1
83	272	1
342	272	1
170	272	1
370	272	1
290	272	1
427	272	1
444	272	1
164	272	1
249	272	1
355	272	1
445	272	1
159	272	1
377	272	1
454	272	1
50	272	1
197	272	1
210	272	1
124	272	1
44	272	1
123	272	0
394	307	1
68	307	1
182	307	1
59	307	1
224	307	1
164	307	1
206	307	1
162	307	1
124	307	1
28	307	1
356	307	1
431	307	1
324	307	1
444	307	1
445	307	1
447	307	1
15	307	1
296	307	1
375	307	1
454	307	1
29	307	1
83	307	1
158	307	1
249	307	1
377	307	1
407	307	1
128	307	1
32	307	1
80	307	1
429	307	1
303	307	1
272	307	1
409	307	1
136	307	1
294	307	1
393	307	1
44	307	1
170	307	1
105	307	1
62	307	1
114	307	1
464	307	1
103	307	1
166	307	1
197	307	1
268	307	0
281	307	0
414	444	1
90	444	1
298	444	1
454	444	1
204	444	1
23	444	1
460	444	1
68	444	1
355	444	1
428	444	1
324	444	1
32	444	1
80	444	1
224	444	1
28	444	1
407	444	1
265	444	1
307	444	1
370	444	1
214	444	1
29	444	1
272	444	1
354	444	1
15	444	1
19	444	1
394	444	1
349	444	1
197	444	1
128	444	1
94	444	1
126	444	1
83	444	1
44	444	1
114	444	1
294	444	1
464	444	1
353	444	1
105	444	0
121	444	0
465	444	0
390	444	0
365	444	0
223	434	1
124	434	1
162	434	1
407	434	1
426	434	1
359	434	1
323	434	1
23	434	1
28	434	1
29	434	1
83	434	1
249	434	1
206	434	1
158	434	1
197	434	1
444	434	1
307	434	1
38	434	1
224	434	1
166	434	1
447	434	1
80	434	1
214	434	1
349	434	1
355	434	1
324	434	1
253	434	1
62	434	1
464	434	1
61	434	1
342	434	1
281	434	0
291	434	0
290	434	0
126	434	0
370	434	0
260	434	0
255	434	0
133	434	0
445	434	0
447	282	1
407	282	1
356	282	1
373	282	1
264	282	1
75	282	1
265	282	1
159	282	1
325	282	1
90	282	1
224	282	1
126	282	1
355	282	1
349	282	1
80	282	1
494	282	1
19	282	1
390	282	1
50	282	1
66	282	1
61	282	1
197	282	1
342	282	1
171	282	1
103	282	1
429	282	1
62	282	1
294	282	1
128	282	1
89	282	1
44	282	1
232	282	1
102	282	1
124	282	0
268	339	1
224	339	1
407	339	1
307	339	1
102	339	1
191	339	1
377	339	1
356	339	1
464	339	1
355	339	1
75	339	1
444	339	1
61	339	1
349	339	1
80	339	1
313	339	1
32	339	1
197	339	1
458	339	1
264	339	1
62	339	1
15	339	1
375	339	1
265	339	1
204	339	1
260	407	1
86	407	1
38	407	1
355	407	1
19	407	1
61	407	1
265	407	1
359	407	1
224	407	1
365	407	1
28	407	1
128	407	1
127	407	1
325	407	1
208	407	1
90	407	1
339	407	1
349	407	1
191	407	1
87	407	1
68	407	1
32	407	1
170	407	1
80	407	1
180	407	1
307	407	1
264	407	1
294	407	1
378	407	1
370	407	1
460	407	1
83	407	1
444	407	1
171	407	1
356	407	1
222	407	1
454	407	1
288	407	1
462	407	1
210	407	1
105	407	1
272	407	1
150	407	1
214	407	1
429	407	1
123	407	1
62	407	1
350	407	1
394	407	1
353	407	1
298	407	0
224	157	1
445	157	1
324	157	1
186	157	1
83	157	1
28	157	1
172	157	1
171	157	1
206	157	1
328	157	1
12	157	1
222	157	1
265	157	1
307	157	1
409	157	1
75	157	1
32	157	1
191	157	1
268	157	1
365	157	1
7	157	1
135	157	1
69	157	1
150	157	1
230	157	1
158	157	1
214	157	1
383	157	1
86	157	1
444	157	1
23	157	1
66	157	1
44	157	1
62	157	1
14	157	1
394	157	1
133	157	0
126	157	0
281	157	0
307	494	1
12	494	1
182	494	1
126	494	1
103	494	1
172	494	1
371	494	1
328	494	1
128	494	1
361	494	1
445	494	1
83	494	1
224	494	1
186	494	1
86	494	1
28	494	1
75	494	1
68	494	1
390	494	1
363	494	1
63	494	1
171	494	1
158	494	1
114	494	1
300	494	1
206	494	1
211	494	1
222	494	1
286	494	1
274	494	1
456	494	1
121	494	1
125	494	1
409	494	1
32	494	1
427	494	1
191	494	1
23	494	1
108	494	1
268	494	1
94	494	1
294	494	1
436	494	1
407	494	1
288	494	1
7	494	1
214	494	1
225	494	1
50	494	1
69	494	1
150	494	1
383	494	1
349	494	1
157	494	1
87	494	1
458	494	1
359	494	1
66	494	1
164	494	1
194	494	1
155	494	1
180	494	1
37	494	1
444	494	1
62	494	1
124	494	1
139	494	1
44	494	1
133	494	1
499	494	1
469	494	1
365	494	0
281	494	0
352	494	0
123	494	0
114	81	1
307	81	1
124	81	1
206	81	1
80	81	1
290	81	1
83	81	1
162	81	1
447	81	1
164	81	1
324	81	1
232	81	1
224	81	1
210	81	1
359	81	1
294	81	1
159	81	1
407	81	1
158	81	1
68	81	1
410	81	1
323	81	1
28	81	1
390	81	1
29	81	1
32	81	1
445	81	1
298	81	1
444	81	1
50	81	1
38	81	1
393	81	1
249	81	1
197	81	1
458	81	1
12	81	1
103	81	1
214	81	1
191	81	1
349	81	1
265	81	1
94	81	1
98	81	1
170	81	1
86	351	1
447	351	1
61	351	1
268	351	1
355	351	1
342	351	1
356	351	1
171	351	1
114	351	1
50	351	1
288	351	1
224	351	1
407	351	1
197	351	1
376	351	1
94	351	1
409	351	1
80	351	1
90	351	1
210	351	1
44	351	1
444	351	1
19	351	1
349	351	1
394	351	1
204	351	1
494	351	1
15	351	1
38	351	1
377	351	1
63	351	1
125	351	1
62	351	1
307	351	1
365	351	0
465	351	0
460	351	0
29	351	0
264	351	0
352	351	0
294	351	0
86	449	1
28	449	1
197	449	1
29	449	1
281	449	1
307	449	1
445	449	1
62	449	1
246	449	1
340	449	1
230	449	1
323	449	1
162	449	1
359	449	1
253	449	1
377	449	1
224	449	1
194	449	1
333	449	1
342	449	1
191	449	1
19	449	1
225	449	1
22	449	1
426	449	1
80	449	1
124	449	1
102	449	1
15	449	1
114	449	1
68	449	1
204	449	1
38	449	1
370	449	1
164	449	0
61	449	0
69	449	0
94	449	0
133	449	0
393	449	0
291	449	0
121	449	0
105	449	0
296	449	0
356	449	0
458	449	0
166	449	0
394	449	0
123	449	0
170	449	0
211	449	0
365	449	0
28	158	1
281	158	1
307	158	1
61	158	1
86	158	1
407	158	1
162	158	1
224	158	1
12	158	1
125	158	1
159	158	1
352	158	1
80	158	1
206	158	1
126	158	1
291	158	1
323	158	1
349	158	1
265	158	1
98	158	1
210	158	1
324	158	1
444	158	1
124	158	1
253	158	1
290	158	1
359	158	1
249	158	1
171	158	1
62	158	1
198	158	1
170	158	1
32	158	1
29	158	1
445	158	1
121	158	0
23	158	0
388	158	0
121	288	1
28	288	1
83	288	1
206	288	1
124	288	1
268	288	1
445	288	1
224	288	1
407	288	1
44	288	1
164	288	1
211	288	1
15	288	1
394	288	1
162	288	1
349	288	1
260	288	1
356	288	1
328	288	1
324	288	1
375	288	1
166	288	1
253	288	1
249	288	1
323	288	1
377	288	1
105	288	1
294	288	1
231	288	1
32	288	1
204	288	1
50	288	1
303	288	1
230	288	1
409	288	1
170	288	1
62	288	1
325	288	1
307	38	1
355	38	1
80	38	1
272	38	1
124	38	1
180	38	1
164	38	1
191	38	1
214	38	1
407	38	1
268	38	1
445	38	1
370	38	1
224	38	1
28	38	1
15	38	1
159	38	1
29	38	1
162	38	1
223	38	1
83	38	1
393	38	1
210	38	1
194	38	1
249	38	1
232	38	1
19	38	1
425	38	1
197	38	1
211	38	1
434	38	1
78	38	1
171	38	1
324	38	1
114	38	1
69	38	1
294	38	1
265	38	1
32	38	1
436	38	1
105	38	1
90	38	1
61	38	1
44	38	1
410	38	1
499	38	1
11	38	1
444	38	1
186	38	1
339	38	1
86	38	1
290	38	1
371	194	1
191	194	1
114	194	1
328	194	1
68	194	1
75	194	1
222	194	1
172	194	1
307	194	1
164	194	1
133	194	1
198	194	1
372	194	1
224	194	1
83	194	1
7	194	1
214	194	1
108	194	1
28	194	1
342	194	1
94	194	1
32	194	1
123	194	1
50	194	1
265	194	1
377	194	1
135	194	1
105	194	1
76	194	1
390	194	1
298	194	1
158	194	1
376	194	1
281	194	1
103	194	1
365	194	1
169	194	1
294	194	1
409	194	1
12	194	1
325	194	1
62	194	1
121	194	0
29	194	0
265	58	1
68	58	1
124	58	1
253	58	1
164	58	1
346	58	1
488	58	1
80	58	1
206	58	1
194	58	1
158	58	1
38	58	1
19	58	1
224	58	1
162	58	1
359	58	1
159	58	1
307	58	1
426	58	1
108	58	1
352	58	1
103	58	1
198	58	1
28	58	1
290	58	1
365	58	1
94	58	1
436	58	1
23	58	1
29	58	1
197	58	1
12	58	1
370	58	1
472	58	1
349	58	1
98	58	1
44	58	1
114	58	0
125	58	0
126	58	0
324	58	0
83	58	0
133	58	0
323	58	0
294	58	0
333	58	0
150	58	0
166	58	0
211	58	0
291	58	0
281	58	0
123	58	0
445	58	0
393	58	0
94	454	1
28	454	1
206	454	1
69	454	1
75	454	1
102	454	1
80	454	1
253	454	1
83	454	1
29	454	1
186	454	1
159	454	1
162	454	1
407	454	1
356	454	1
328	454	1
38	454	1
324	454	1
182	454	1
191	454	1
436	454	1
197	454	1
68	454	1
62	454	1
50	454	1
307	454	1
114	454	1
125	454	1
249	454	1
127	454	1
61	454	1
136	454	1
32	454	1
342	454	1
44	454	1
128	454	1
281	454	0
394	454	0
164	454	0
123	454	0
133	454	0
376	454	0
121	454	0
445	454	0
12	454	0
390	454	0
135	454	0
19	371	1
222	371	1
366	371	1
186	371	1
230	371	1
41	371	1
197	371	1
328	371	0
303	371	0
172	371	0
281	371	0
166	371	0
447	371	0
75	307	1
38	307	1
260	307	0
298	307	0
436	307	0
458	307	0
328	193	1
75	193	1
83	193	1
62	193	1
394	193	0
164	193	0
133	193	0
324	193	0
105	193	0
281	193	0
28	193	0
86	193	0
186	193	0
249	193	0
281	233	0
288	233	0
164	233	0
445	233	0
233	233	0
162	296	1
290	296	1
349	296	1
426	296	1
444	296	1
197	296	1
38	296	1
62	296	1
253	296	1
125	296	1
328	296	1
164	296	0
12	296	0
281	296	0
29	296	0
291	296	0
133	296	0
121	296	0
303	296	0
325	296	0
83	296	0
381	198	1
162	198	1
122	198	1
494	198	1
370	198	1
159	198	1
97	198	1
264	198	1
61	198	1
388	198	1
265	198	1
347	198	1
290	198	1
273	198	1
224	198	1
80	198	1
28	198	1
204	198	1
333	198	1
125	198	1
94	198	1
324	198	1
251	198	1
286	198	1
362	198	1
359	198	1
468	198	1
230	198	1
69	198	1
86	198	1
303	198	0
121	198	0
166	198	0
124	198	0
281	198	0
83	198	0
214	198	0
105	198	0
325	198	0
323	198	0
29	198	0
390	198	0
454	198	0
180	198	0
393	198	0
466	198	0
211	198	0
409	447	1
355	447	1
212	447	1
447	447	1
233	447	1
426	447	1
421	447	1
90	447	1
350	447	1
123	447	0
204	447	0
125	447	0
166	447	0
477	447	0
197	447	0
102	447	0
223	224	1
38	224	1
83	224	1
80	224	1
264	224	1
355	224	1
260	224	0
394	224	0
303	224	0
454	224	0
324	224	0
390	224	0
164	36	0
162	36	0
206	36	0
307	36	0
124	36	0
281	36	0
80	36	0
431	36	0
63	36	0
298	83	1
394	83	1
281	83	0
397	381	1
103	381	1
488	381	1
12	381	1
421	381	1
253	381	1
121	381	1
191	381	1
94	381	1
63	381	1
379	381	1
313	381	1
286	381	1
352	381	1
108	381	1
236	381	1
294	381	1
223	381	0
445	381	0
365	381	0
231	381	0
447	381	0
393	381	0
182	381	0
164	381	0
49	381	0
124	381	0
281	381	0
303	381	0
62	381	0
356	381	0
15	381	0
86	381	0
197	381	0
194	381	0
409	381	0
264	381	0
212	381	0
489	381	0
449	381	0
353	381	0
28	381	0
431	381	0
333	381	0
170	381	0
342	381	0
105	381	0
145	381	0
180	381	0
159	381	0
139	381	0
76	381	0
273	381	0
414	381	0
80	381	0
83	381	0
298	381	0
264	290	1
94	290	1
172	290	1
136	290	1
328	290	1
3	290	1
62	290	1
418	290	1
121	290	0
123	290	0
288	290	0
128	290	0
166	290	0
303	290	0
159	290	0
265	122	1
38	122	1
393	122	1
80	122	1
224	122	1
28	122	1
291	122	1
125	122	1
268	122	0
86	122	0
436	122	0
307	12	1
83	12	1
38	12	1
127	12	1
454	12	1
409	12	1
164	12	0
133	12	0
68	12	0
80	284	0
298	284	0
172	284	0
128	327	1
450	327	1
193	327	1
356	327	1
338	327	1
68	327	1
75	327	1
197	327	1
23	327	0
303	327	0
44	327	0
80	327	0
494	327	0
62	327	0
166	327	0
370	327	0
159	327	0
102	327	0
80	172	1
124	172	0
370	172	0
28	172	0
164	172	0
89	172	0
303	172	0
157	172	1
394	172	0
281	172	0
224	172	0
83	172	0
431	172	0
133	172	0
61	172	0
260	377	1
355	377	1
32	377	1
217	377	1
394	377	1
44	377	1
210	377	1
447	377	1
427	377	1
303	377	1
349	377	1
75	377	1
429	377	1
350	377	1
294	377	1
407	90	1
86	90	1
426	90	1
224	90	1
355	90	1
431	90	1
197	90	1
114	90	1
272	90	1
12	90	1
265	90	1
356	90	1
62	90	1
63	90	1
307	90	1
353	90	1
61	90	1
124	90	0
225	90	0
94	356	1
103	356	1
272	356	1
224	356	1
307	356	1
355	356	1
353	356	1
431	356	1
68	356	1
61	356	1
80	356	1
50	356	1
264	356	1
464	356	1
15	356	1
342	356	1
191	356	1
62	356	1
63	356	1
488	356	1
349	356	1
114	356	1
468	356	1
125	356	1
249	356	1
204	356	1
294	356	1
469	356	1
29	356	0
225	356	0
337	356	0
139	155	1
44	155	1
355	155	1
61	155	1
349	155	1
122	155	1
488	155	1
75	155	1
125	155	1
456	155	1
103	155	1
197	155	1
50	155	1
303	155	1
61	397	1
87	397	1
44	397	1
355	397	1
447	397	1
260	397	1
19	397	1
68	397	1
159	397	1
212	397	1
126	397	1
197	397	1
303	397	1
75	397	1
50	397	1
460	397	1
214	397	1
264	397	1
103	397	1
268	397	0
38	298	1
273	298	1
355	298	1
200	298	1
68	298	1
298	298	1
447	298	1
61	298	1
464	298	1
32	298	1
44	298	1
394	298	1
87	298	1
342	298	1
159	298	1
50	298	1
12	298	1
214	298	1
210	298	1
197	298	1
204	298	1
262	298	1
103	298	1
377	298	1
217	143	1
268	143	1
355	143	1
407	143	1
224	143	1
200	143	1
265	143	1
356	143	1
61	143	1
260	143	1
264	143	1
62	143	1
63	143	1
350	143	1
359	143	1
313	143	1
294	143	1
353	143	1
225	143	1
337	143	1
128	143	1
376	143	1
103	143	1
377	143	1
94	143	1
429	143	0
80	143	0
303	143	0
469	143	0
38	180	1
407	180	1
19	180	1
447	180	1
264	180	1
224	180	1
214	180	1
90	180	1
356	180	1
265	180	1
355	180	1
191	180	1
94	180	1
342	180	1
103	180	1
15	180	1
122	180	1
298	180	1
68	180	1
307	180	1
32	180	1
61	180	1
429	180	1
62	180	1
249	180	1
44	180	1
349	180	1
23	180	1
197	180	0
282	180	0
426	421	1
180	421	1
265	421	1
447	421	1
307	421	1
223	421	1
355	421	1
44	421	1
90	421	1
75	421	1
298	421	1
15	421	1
268	421	1
224	421	1
331	421	1
122	421	1
214	421	1
260	421	1
272	421	1
191	421	1
350	421	1
32	421	1
407	421	1
92	421	1
355	19	1
208	19	1
260	19	1
214	19	1
407	19	1
75	19	1
86	19	1
427	19	1
180	19	1
268	19	1
233	19	1
32	19	1
122	19	1
265	19	1
61	19	1
15	19	1
353	19	1
429	19	1
44	19	1
197	19	1
350	19	1
307	19	1
355	251	1
147	251	1
353	251	1
233	251	1
122	251	1
44	251	1
197	251	1
265	251	1
365	251	1
68	251	1
272	251	1
191	251	1
126	251	0
355	381	1
260	381	1
350	381	1
351	381	1
420	381	1
407	381	1
68	381	1
460	381	1
458	381	1
390	381	1
44	381	1
338	381	1
186	381	1
224	381	1
426	381	1
429	381	1
265	381	1
128	381	1
19	381	1
171	381	1
378	381	1
268	381	1
89	381	1
464	381	1
29	381	1
38	381	1
32	381	1
255	381	1
375	381	1
349	381	1
90	381	1
23	381	1
61	381	1
251	381	1
318	381	1
398	381	1
211	381	1
282	381	1
347	381	0
214	381	0
122	381	0
204	381	0
272	381	0
450	381	0
307	381	0
469	381	0
456	381	0
392	381	0
407	260	1
38	260	1
355	260	1
19	260	1
365	260	1
90	260	1
378	260	1
394	260	1
15	260	1
265	260	1
264	260	1
307	260	1
75	260	1
356	260	1
186	260	1
122	260	1
128	260	1
427	260	1
68	260	1
425	260	1
147	260	1
272	260	1
353	260	1
342	260	1
249	260	1
429	260	1
426	260	1
350	260	1
349	260	1
450	260	1
214	260	1
103	260	1
44	260	1
224	260	1
355	191	1
421	191	1
410	191	1
265	191	1
447	191	1
90	191	1
407	191	1
353	191	1
122	191	1
298	191	1
180	191	1
307	191	1
342	191	1
204	191	1
347	191	1
19	191	1
68	191	1
224	191	1
44	191	1
394	191	1
15	191	1
50	191	1
61	191	1
414	191	1
356	191	1
126	191	1
29	191	1
62	191	1
197	191	1
124	191	1
32	191	1
434	191	1
350	191	1
470	66	1
372	66	1
61	66	1
50	66	1
488	66	1
359	66	1
464	66	1
68	66	1
44	66	1
350	66	1
49	66	1
197	66	1
303	66	1
159	66	1
103	66	1
347	66	1
365	66	1
75	66	1
22	66	0
126	66	0
102	66	0
122	66	0
125	66	0
200	429	1
44	429	1
355	429	1
90	429	1
353	429	1
298	429	1
61	429	1
407	429	1
265	429	1
349	429	1
75	429	1
180	429	1
350	429	1
448	429	1
19	429	1
150	429	1
365	429	1
394	429	0
450	429	0
390	429	0
260	103	1
223	103	1
75	103	1
102	103	1
355	103	1
273	103	1
44	103	1
214	103	1
204	103	1
350	103	1
429	103	1
447	103	1
352	103	0
124	69	1
224	69	1
61	69	1
63	69	1
38	69	1
68	69	1
342	69	1
264	69	1
350	69	1
370	69	1
29	69	1
15	69	1
217	69	1
19	69	1
101	69	1
126	69	1
86	69	1
294	69	1
32	69	1
303	69	1
265	69	1
197	69	1
307	69	1
191	69	1
349	69	1
407	69	1
66	69	1
103	69	1
298	69	1
356	69	0
355	69	0
122	69	0
80	69	0
260	69	0
458	69	0
12	69	0
170	69	0
62	69	0
223	11	1
44	11	1
303	11	1
159	11	1
264	11	1
298	11	1
197	11	1
75	11	1
350	11	1
333	11	1
260	230	1
355	230	1
272	230	1
448	230	1
262	230	1
427	230	1
265	230	1
407	230	1
214	230	1
464	230	1
194	230	1
353	230	1
429	230	1
44	230	1
200	230	1
90	230	1
307	230	1
15	230	1
342	230	1
61	230	1
365	230	1
224	230	1
370	230	1
170	230	1
128	230	1
62	230	1
356	230	1
126	230	1
124	230	1
171	230	1
298	230	1
197	230	1
204	230	1
38	230	1
103	230	1
407	61	1
103	61	1
260	61	1
223	61	1
237	61	1
355	61	1
44	61	1
86	61	1
19	61	1
378	61	1
281	61	1
75	61	1
208	61	1
32	61	1
150	61	1
447	61	1
349	61	1
458	61	1
102	61	1
427	61	1
12	61	1
214	61	1
268	61	1
282	61	1
460	61	1
264	61	1
350	61	1
197	61	1
353	272	1
186	272	1
356	272	1
204	272	1
268	272	1
75	272	1
365	272	1
286	272	1
126	272	0
260	272	0
214	272	0
121	272	0
61	272	0
212	272	0
466	272	0
394	120	0
15	120	0
180	120	0
204	282	1
122	282	1
121	282	0
68	282	0
212	282	0
303	282	0
340	407	1
44	407	1
75	407	1
427	407	1
458	407	1
126	407	0
23	407	0
144	407	0
103	407	0
281	407	0
382	407	1
342	407	1
121	407	0
347	407	0
122	407	0
49	447	1
103	447	1
460	447	1
89	447	1
281	447	0
420	447	0
469	447	0
268	447	0
91	447	0
298	447	0
303	447	0
122	447	0
103	224	1
121	224	0
447	224	0
282	224	0
200	381	1
418	381	1
335	381	1
191	264	1
355	264	1
68	264	1
124	264	1
114	264	1
224	264	1
102	264	1
298	264	1
19	264	1
38	264	1
356	264	1
268	264	1
394	264	1
429	264	1
125	264	1
29	264	1
126	264	1
194	264	1
370	264	1
488	264	0
349	264	0
265	264	0
62	264	0
15	264	0
303	264	0
407	122	1
61	122	1
355	122	1
264	122	1
353	122	1
68	122	1
94	122	1
44	122	1
126	122	1
103	122	0
303	122	0
86	230	1
268	230	1
394	230	1
208	230	1
460	230	0
121	230	0
447	230	0
352	230	0
38	106	1
260	106	1
268	106	1
265	106	1
194	106	1
355	106	1
122	106	1
75	106	1
365	106	1
464	106	1
15	106	1
61	106	1
342	106	1
191	106	1
68	106	0
89	106	0
347	106	0
390	106	0
273	106	0
106	106	0
355	58	1
264	58	1
214	58	1
61	58	1
372	58	0
477	58	0
355	315	1
407	315	1
75	315	1
63	315	1
427	315	1
223	315	1
260	315	1
68	315	1
128	315	1
204	315	1
419	315	1
499	315	1
420	315	1
378	315	1
61	315	1
19	315	1
197	315	1
273	315	1
214	315	1
352	315	1
97	315	1
44	315	1
424	315	1
304	315	1
303	315	1
359	315	1
318	315	1
350	315	1
394	315	0
126	315	0
236	315	0
237	315	0
251	462	1
426	462	1
89	462	1
273	462	1
68	462	1
197	462	1
281	462	1
92	462	1
393	462	1
260	462	1
214	462	1
19	462	1
390	462	1
349	462	1
87	462	1
294	462	1
268	292	1
390	292	1
19	292	1
68	292	1
394	292	1
349	292	1
273	292	1
150	292	1
460	292	1
460	303	1
19	303	1
355	303	1
68	303	1
427	303	1
44	303	1
61	303	1
425	303	1
63	303	1
315	303	1
75	303	1
197	303	1
262	303	1
318	303	1
294	303	1
458	303	1
335	303	1
273	303	1
349	303	1
414	303	1
468	303	1
464	303	1
223	303	1
214	303	1
359	303	1
208	303	1
338	303	1
418	303	0
375	303	0
204	303	0
382	303	0
286	303	0
103	428	1
44	428	1
268	428	1
355	428	1
223	428	1
86	428	1
61	428	1
349	428	1
50	428	1
318	428	1
214	428	1
208	428	1
167	428	1
197	428	1
75	428	1
410	428	1
63	428	1
273	50	1
75	50	1
208	50	1
291	50	1
372	50	1
312	50	1
197	50	1
23	50	1
98	50	1
49	352	1
63	352	1
355	352	1
378	352	1
44	352	1
475	352	1
350	352	1
349	352	1
303	352	1
86	352	1
472	352	1
393	352	1
294	352	1
208	352	1
427	352	1
458	352	1
240	352	1
313	352	1
116	352	1
15	352	1
448	352	1
450	352	1
92	352	1
204	352	1
273	352	1
126	352	1
184	352	1
233	352	1
427	348	1
420	348	1
352	348	1
208	348	1
349	348	1
458	348	1
50	348	1
350	348	1
106	348	1
197	348	1
448	348	1
61	318	1
68	318	1
214	318	1
204	318	1
355	318	1
75	318	1
86	318	1
223	318	1
268	318	1
303	318	1
414	318	1
32	318	1
197	318	1
350	318	1
44	355	1
470	355	1
427	355	1
393	355	1
378	355	1
458	355	1
214	355	1
424	355	1
392	355	1
349	355	1
61	355	1
197	355	1
460	355	1
237	355	1
315	355	1
464	355	1
106	355	1
103	355	1
303	355	1
150	355	1
352	355	1
456	364	1
460	364	1
50	364	1
44	364	1
350	364	1
204	364	1
349	364	1
255	364	1
86	364	1
178	364	1
63	364	1
488	364	1
414	364	1
427	364	1
294	364	1
247	364	1
106	364	1
12	364	1
197	364	1
380	364	1
458	364	1
75	364	1
86	380	1
204	380	1
349	380	1
212	380	1
208	380	1
488	380	1
167	380	1
106	380	1
470	380	1
197	380	1
350	380	1
456	380	1
214	380	1
364	380	1
23	380	1
448	380	1
427	204	1
223	204	1
359	204	1
349	204	1
184	204	1
488	204	1
414	204	1
63	204	1
156	204	1
178	204	1
186	204	1
355	204	1
167	204	1
350	204	1
273	204	1
303	204	1
214	204	1
393	204	1
197	204	1
427	91	1
44	91	1
355	91	1
86	91	1
268	91	1
197	91	1
186	91	1
208	91	1
63	91	1
273	91	1
76	91	1
350	91	1
44	266	1
214	266	1
68	266	1
349	266	1
473	266	1
126	266	1
303	266	1
197	266	1
472	266	1
488	392	1
420	392	1
255	392	1
460	392	1
424	392	1
426	392	1
427	392	1
86	392	1
208	392	1
456	392	1
167	392	1
75	392	1
414	392	1
186	392	1
212	392	1
364	392	1
350	392	1
380	392	1
197	392	1
32	392	1
349	392	1
12	392	1
102	392	1
464	392	1
372	392	1
350	262	1
75	262	1
208	262	1
268	262	1
204	262	1
63	262	1
458	262	1
214	262	1
86	262	1
475	262	1
197	262	1
341	262	1
392	262	1
414	262	1
350	211	1
214	211	1
414	211	1
303	211	1
68	211	1
359	211	1
393	211	1
349	211	1
355	211	1
273	211	1
281	211	1
126	211	1
197	211	1
32	211	1
44	211	1
394	211	1
32	338	1
106	338	1
86	338	1
92	338	1
352	338	1
150	338	1
268	338	1
126	338	1
102	338	1
372	338	1
251	338	1
208	338	1
178	338	1
394	338	1
76	338	1
458	338	1
349	338	1
225	338	1
68	338	0
103	375	1
361	375	1
315	375	1
286	375	1
89	375	1
167	375	1
63	375	1
313	375	1
23	375	1
349	375	1
350	375	1
197	375	1
92	375	1
44	375	1
460	375	0
373	375	0
460	420	1
106	420	1
364	420	1
427	420	1
488	420	1
392	420	1
208	420	1
350	420	1
102	420	1
197	420	1
448	420	1
475	448	1
352	448	1
86	448	1
420	448	1
460	448	1
208	448	1
106	448	1
23	448	1
341	448	1
197	448	1
212	448	1
350	448	1
418	94	1
273	94	1
50	94	1
466	94	1
378	94	1
473	94	0
247	441	1
86	441	1
414	441	1
458	441	1
15	441	1
197	441	1
251	441	1
350	441	1
349	441	1
86	166	1
12	166	1
214	166	1
273	166	1
262	166	1
236	166	1
197	166	1
91	166	1
44	166	1
75	166	1
407	166	1
61	166	1
223	166	1
208	166	1
32	166	1
393	166	1
102	166	1
303	166	1
460	166	1
350	166	1
355	208	1
68	208	1
427	208	1
186	208	1
86	208	1
460	208	1
75	208	1
76	208	1
281	208	1
488	208	1
214	208	1
19	208	1
392	208	1
223	208	1
197	208	1
303	208	1
106	424	1
355	424	1
460	424	1
262	424	1
236	424	1
260	424	1
197	424	1
86	424	1
315	424	1
378	424	1
407	424	1
427	424	1
335	424	1
223	424	1
214	424	1
89	424	1
75	424	1
349	424	1
32	424	1
390	424	1
303	424	1
420	424	1
350	424	1
488	424	0
350	378	1
260	378	1
75	378	1
68	378	1
414	378	1
355	378	1
392	378	1
315	378	1
86	378	1
407	378	1
273	378	1
223	378	1
458	378	1
214	378	1
349	378	1
294	378	1
303	378	1
44	378	1
456	378	1
120	378	1
197	378	1
393	378	1
429	378	1
427	63	1
350	63	1
75	63	1
12	63	1
208	63	1
204	63	1
44	63	1
106	63	1
86	63	1
197	63	1
473	63	0
355	365	1
268	365	1
102	365	1
407	365	1
128	365	1
260	365	1
294	365	1
214	365	1
150	365	1
91	365	1
23	365	1
61	365	1
264	365	1
352	365	0
318	365	0
223	365	0
392	365	0
217	365	0
208	365	0
460	315	1
414	315	1
89	315	1
262	315	1
425	315	1
268	315	0
401	315	0
466	315	0
488	352	1
414	352	1
394	352	1
470	352	1
291	352	0
97	447	0
393	447	1
44	318	0
338	355	0
350	278	1
208	278	1
273	278	1
150	278	1
204	278	1
488	278	1
197	278	1
212	278	1
166	278	0
349	98	1
23	98	1
32	98	1
373	98	1
456	98	1
460	98	1
394	98	1
382	98	1
350	98	1
418	98	1
150	98	1
209	98	1
214	98	1
86	98	1
204	98	0
347	98	0
128	98	0
488	98	0
167	98	0
372	98	0
255	98	0
294	98	0
447	260	1
32	260	1
212	260	1
281	260	1
197	260	1
352	260	1
23	260	1
268	260	0
390	260	0
102	260	0
86	106	0
380	106	0
475	106	0
350	106	0
414	106	1
242	106	1
208	106	1
197	106	1
352	106	1
291	106	1
103	106	1
212	106	0
44	106	0
426	106	0
167	106	0
424	106	0
225	106	0
178	106	0
204	106	0
394	106	0
410	106	0
214	106	0
382	106	0
352	378	1
208	378	1
76	378	1
291	378	0
242	378	0
126	378	0
68	61	1
204	61	1
91	61	1
418	61	0
393	61	0
401	372	1
312	372	1
50	372	1
255	372	1
460	372	1
184	372	1
392	372	1
352	372	1
12	372	1
197	372	1
167	372	1
89	372	1
144	372	1
294	372	1
331	372	1
350	372	1
66	372	1
460	350	1
167	350	1
86	350	1
427	350	1
49	350	1
32	350	1
458	350	1
349	350	1
426	350	1
98	350	1
186	350	1
294	350	1
211	350	1
23	350	1
470	350	1
44	350	1
460	414	1
427	414	1
106	414	1
32	414	1
225	414	1
167	414	1
470	414	1
209	414	1
353	414	1
44	414	1
49	414	0
89	414	0
394	414	0
86	273	1
312	273	1
50	273	1
350	273	1
144	273	1
75	273	1
225	273	1
349	273	1
466	273	1
128	273	0
255	235	1
414	235	1
106	235	1
490	235	1
350	235	1
167	235	1
212	235	1
98	235	1
320	235	1
44	235	1
291	197	1
126	197	1
86	197	1
59	197	1
32	197	1
350	197	1
50	197	1
75	197	1
456	197	1
49	197	1
372	197	1
349	427	1
106	427	1
44	427	1
353	427	1
167	427	1
460	427	1
350	427	1
116	427	1
233	427	1
394	427	1
32	427	1
320	427	1
470	427	1
186	427	1
49	427	1
126	427	1
186	349	1
184	349	1
353	349	1
178	349	1
167	349	1
214	349	1
44	349	1
320	349	1
179	349	1
470	3	1
453	3	1
44	3	1
98	3	1
372	3	1
320	3	1
150	3	1
233	3	1
470	425	1
460	425	1
410	425	1
350	425	1
86	425	1
102	425	1
128	425	1
394	425	1
427	425	1
167	425	1
209	425	1
312	425	1
44	425	1
49	425	1
23	425	0
181	425	0
186	126	1
490	126	1
353	126	1
98	126	1
320	126	1
460	126	1
350	126	1
349	126	1
394	126	1
110	126	1
106	126	1
49	126	1
167	126	1
44	126	1
197	456	1
294	456	1
383	456	1
350	456	1
394	456	1
75	456	1
44	456	1
312	291	1
490	291	1
44	291	1
197	291	1
75	291	1
349	291	1
126	291	1
350	291	1
214	150	1
49	150	1
372	150	1
98	150	1
44	150	1
212	145	1
86	145	1
184	145	1
178	145	1
166	145	1
197	145	1
156	145	1
49	145	1
414	145	1
350	145	1
50	312	1
372	312	1
128	312	1
167	312	1
144	312	1
98	312	1
49	312	1
401	312	1
12	312	1
425	312	1
350	312	1
294	312	1
63	312	1
197	336	1
350	336	1
291	336	1
426	336	1
167	336	1
212	336	1
98	336	1
242	336	1
472	336	1
75	336	1
89	336	1
458	336	0
49	336	0
128	336	0
460	97	1
470	97	1
75	97	1
394	97	1
427	97	1
410	97	1
197	97	1
50	97	1
214	97	1
350	97	1
44	97	1
470	320	1
32	320	1
214	320	1
331	320	1
394	320	1
98	320	1
49	320	1
32	401	1
126	401	1
255	401	1
350	401	1
490	401	1
167	401	1
49	401	1
460	401	1
372	401	1
312	401	1
212	401	1
320	401	1
184	179	1
178	179	1
212	179	1
458	179	1
350	179	1
349	179	1
186	179	1
87	179	1
128	179	0
75	499	1
350	499	1
490	499	1
197	499	1
466	499	1
237	499	1
167	499	0
212	499	0
126	499	0
167	381	1
225	381	1
320	381	1
490	381	0
320	32	1
225	32	1
410	32	1
98	32	1
331	32	1
401	32	1
470	32	1
453	32	1
394	32	1
49	32	1
437	32	1
44	32	1
347	32	1
436	32	1
382	32	1
353	32	1
372	32	1
294	32	1
490	473	1
197	473	1
350	473	1
97	473	1
150	473	1
75	473	1
240	473	1
44	473	1
394	473	0
126	473	0
44	22	1
197	22	1
349	22	1
98	22	1
75	22	1
49	22	1
470	472	1
427	472	1
186	472	1
353	472	1
460	86	1
470	86	1
458	86	1
350	86	1
44	86	1
32	86	1
197	86	1
427	86	1
167	86	1
49	86	1
75	86	1
49	464	1
212	464	1
420	464	1
268	464	1
128	464	1
86	464	1
414	464	1
12	464	1
294	464	1
460	464	1
350	464	1
44	464	1
75	464	1
23	484	1
197	484	1
76	484	1
303	484	1
63	484	1
426	484	1
12	484	1
392	484	1
427	484	1
50	484	1
32	484	1
458	484	1
75	484	1
350	484	1
349	484	1
106	484	1
292	484	1
15	484	1
427	225	1
233	225	1
32	225	1
89	225	1
353	225	1
49	225	1
44	225	1
320	225	1
426	255	1
352	255	1
392	255	1
350	255	1
401	255	1
320	255	1
86	255	1
372	255	1
44	255	1
460	255	1
331	186	1
167	186	1
353	186	1
49	186	1
470	186	1
460	186	1
349	186	1
167	470	1
472	470	1
414	470	1
460	470	1
350	470	1
106	470	1
86	470	1
471	470	1
353	470	1
184	470	1
349	470	1
98	470	1
89	470	1
116	470	1
32	470	1
44	470	1
453	470	1
490	470	1
49	470	1
186	470	1
394	470	1
255	470	1
414	102	1
44	102	1
167	102	1
425	102	1
212	102	1
86	102	1
197	102	1
499	102	1
350	102	1
460	102	1
49	102	1
410	102	1
32	237	1
106	237	1
150	237	1
394	237	1
212	237	1
86	237	0
470	44	1
320	44	1
353	44	1
372	44	1
49	44	1
453	44	0
32	49	1
184	49	1
167	49	1
225	49	1
186	49	1
116	49	1
89	49	1
353	49	1
255	49	1
294	49	1
350	49	1
320	49	1
427	49	1
98	49	1
86	49	1
23	49	1
44	49	1
464	49	1
353	350	1
394	350	0
352	350	0
394	336	1
401	336	0
470	336	0
44	336	0
87	329	1
458	329	0
197	329	0
184	471	0
331	144	1
312	144	1
453	144	1
470	144	1
320	144	1
44	144	1
97	144	1
178	144	1
50	144	1
225	144	1
116	144	1
273	144	0
394	86	1
212	86	1
212	420	0
352	441	1
268	441	1
420	441	1
436	441	0
420	166	0
98	327	1
470	327	1
49	327	0
150	327	0
394	327	0
460	106	1
470	106	1
379	106	0
373	106	0
392	106	1
361	106	1
184	106	0
392	58	1
350	58	1
380	58	1
106	58	1
373	58	0
212	58	0
382	58	0
331	242	1
394	242	1
472	242	1
379	242	1
274	242	1
209	242	1
453	242	0
98	379	1
209	379	1
373	379	1
382	379	1
437	374	1
394	374	1
209	374	1
184	178	1
156	178	1
349	178	1
32	178	1
320	178	1
437	178	1
214	178	1
32	410	1
320	410	1
214	410	1
144	410	1
436	410	1
442	410	0
331	198	1
394	198	1
150	198	1
235	198	1
209	198	1
382	198	1
242	198	1
437	198	0
373	382	1
209	382	1
23	382	1
198	382	1
286	382	1
98	382	1
374	15	1
394	15	1
392	331	1
436	331	1
437	331	1
209	331	1
110	331	1
98	331	1
144	232	1
436	232	1
427	232	1
32	232	1
394	232	1
392	353	1
98	353	1
98	209	1
394	453	1
32	453	1
116	453	1
374	453	1
209	453	1
150	242	1
437	242	0
374	242	0
286	242	0
98	242	0
23	242	0
382	242	0
394	392	1
374	392	1
437	392	0
232	144	1
184	144	1
98	144	1
442	144	0
372	144	0
204	144	0
374	437	1
98	437	1
401	106	1
32	106	1
373	59	1
436	242	1
23	373	1
436	373	1
23	73	1
98	181	1
373	357	1
98	247	1
209	247	1
441	247	1
242	23	1
436	23	1
286	23	1
373	23	1
242	436	1
181	436	1
379	450	1
286	450	0
