3	2	1
8	2	1
10	2	1
13	2	1
15	2	1
19	2	1
20	2	1
21	2	1
22	2	1
24	2	1
27	2	1
29	2	1
30	2	1
34	2	1
36	2	1
37	2	1
39	2	1
40	2	1
41	2	1
43	2	1
45	2	1
46	2	1
49	2	1
52	2	1
55	2	1
56	2	1
57	2	1
63	2	1
64	2	1
65	2	1
70	2	1
72	2	1
73	2	1
76	2	1
77	2	1
81	2	1
84	2	1
87	2	1
93	2	1
95	2	1
99	2	1
101	2	1
106	2	1
113	2	1
115	2	1
118	2	1
119	2	1
121	2	1
122	2	1
123	2	1
124	2	1
125	2	1
126	2	1
127	2	1
128	2	1
129	2	1
130	2	1
131	2	1
132	2	1
133	2	1
134	2	1
13	139	1
140	139	1
141	139	1
44	139	1
105	139	1
6	139	1
23	139	1
144	139	1
145	139	1
146	139	1
43	139	1
47	139	1
150	139	1
158	139	1
53	139	1
160	139	1
114	139	1
162	139	1
4	139	1
124	139	1
163	139	1
164	139	1
165	139	1
167	139	1
30	139	1
170	139	1
172	139	1
173	139	1
174	139	1
175	139	1
176	139	1
113	139	1
50	139	1
54	139	1
116	139	1
180	139	1
134	139	1
181	139	1
126	139	1
188	139	1
189	139	1
135	139	1
193	139	1
195	139	1
198	139	1
201	139	1
202	139	1
203	139	1
82	139	1
206	139	1
25	139	1
208	139	1
212	139	1
62	139	1
123	139	1
213	139	1
217	216	1
190	216	1
219	216	1
223	216	1
73	216	1
224	216	1
225	216	1
45	216	1
227	216	1
42	216	1
232	216	1
17	216	1
10	216	1
234	216	1
112	216	1
237	216	1
114	216	1
238	216	1
242	216	1
32	216	1
243	216	1
244	216	1
245	216	1
54	216	1
246	216	1
158	216	1
248	216	1
249	216	1
252	216	1
93	216	1
43	216	1
108	216	1
255	216	1
256	216	1
258	216	1
259	216	1
262	216	1
266	216	1
267	216	1
270	216	1
154	216	1
271	216	1
276	216	1
59	216	1
278	216	1
279	216	1
280	216	1
13	216	1
281	216	1
128	216	1
282	216	1
123	216	1
46	216	1
130	216	1
283	216	1
214	216	1
284	216	1
285	216	1
169	216	1
286	216	1
28	216	1
41	216	1
16	216	1
287	216	1
34	216	1
288	216	1
29	216	1
289	216	1
290	216	1
291	216	1
292	216	1
129	216	1
293	216	1
294	216	1
295	216	1
296	216	1
302	4	1
233	4	1
53	4	1
152	4	1
231	4	1
71	4	1
22	4	1
6	4	1
18	4	1
305	4	1
306	4	1
239	4	1
308	4	1
105	4	1
309	4	1
310	4	1
158	4	1
20	4	1
315	4	1
316	4	1
317	4	1
52	4	1
68	4	1
224	4	1
61	4	1
75	4	1
202	4	1
320	4	1
322	4	1
95	4	1
269	4	1
325	4	1
60	4	1
282	4	1
214	4	1
7	4	1
326	4	1
327	4	1
328	4	1
29	4	1
203	4	1
330	329	1
247	329	1
63	329	1
51	329	1
278	329	1
135	329	1
334	329	1
216	329	1
336	329	1
104	329	1
337	329	1
224	329	1
338	329	1
222	329	1
339	329	1
340	329	1
54	329	1
258	329	1
169	329	1
349	329	1
150	329	1
352	329	1
353	329	1
181	329	1
355	329	1
99	329	1
356	329	1
359	329	1
233	329	1
365	329	1
230	329	1
369	329	1
370	329	1
371	329	1
143	329	1
205	329	1
166	329	1
125	329	1
211	329	1
200	329	1
58	329	1
145	329	1
375	329	1
328	329	1
376	329	1
377	329	1
302	329	1
295	329	1
380	329	1
98	329	1
382	329	1
384	329	1
55	329	1
282	329	1
385	329	1
112	329	1
165	329	1
386	329	1
113	329	1
64	329	1
4	329	1
305	329	1
11	329	1
387	329	1
136	329	1
207	329	1
388	329	1
101	329	1
41	329	1
175	329	1
160	329	1
389	329	1
390	329	1
319	329	1
124	329	1
317	329	1
218	329	1
391	329	1
214	329	1
323	329	1
398	335	1
207	335	1
14	335	1
399	335	1
4	335	1
30	335	1
269	335	1
13	335	1
138	335	1
400	335	1
401	335	1
158	335	1
112	335	1
32	335	1
403	335	1
404	335	1
405	335	1
5	335	1
15	335	1
6	335	1
367	335	1
409	335	1
410	335	1
223	335	1
56	335	1
414	335	1
203	335	1
418	335	1
146	335	1
420	335	1
33	335	1
423	335	1
126	335	1
168	335	1
100	335	1
180	335	1
424	335	1
102	335	1
193	335	1
38	335	1
426	335	1
338	335	1
196	335	1
98	335	1
427	335	1
95	335	1
26	335	1
431	335	1
93	335	1
433	335	1
434	335	1
435	335	1
99	335	1
437	335	1
34	335	1
185	335	1
191	335	1
237	335	1
123	335	1
442	335	1
17	243	1
260	243	1
265	243	1
4	243	1
46	243	1
215	243	1
443	243	1
247	243	1
269	243	1
446	243	1
54	243	1
143	243	1
263	243	1
447	243	1
449	243	1
415	243	1
195	243	1
44	243	1
244	243	1
34	243	1
113	243	1
452	243	1
10	243	1
299	243	1
453	243	1
77	243	1
183	243	1
115	243	1
209	243	1
456	243	1
166	243	1
15	243	1
324	243	1
374	243	1
207	243	1
457	243	1
22	243	1
86	243	1
256	243	1
18	243	1
409	243	1
460	243	1
200	243	1
238	243	1
388	243	1
186	243	1
464	243	1
465	243	1
387	243	1
266	243	1
377	243	1
114	243	1
345	243	1
169	243	1
128	243	1
13	243	1
346	243	1
467	243	1
203	243	1
468	243	1
287	243	1
313	243	1
124	243	1
469	243	1
472	471	1
77	471	1
15	471	1
12	471	1
474	471	1
142	471	1
247	471	1
56	471	1
149	471	1
112	471	1
63	471	1
477	471	1
28	471	1
83	471	1
195	471	1
43	471	1
55	471	1
101	471	1
175	471	1
32	471	1
479	471	1
10	471	1
208	471	1
53	471	1
146	471	1
364	471	1
481	471	1
484	471	1
169	471	1
249	471	1
75	471	1
185	471	1
486	471	1
487	471	1
99	471	1
489	471	1
377	471	1
148	471	1
203	471	1
394	471	1
134	471	1
126	471	1
491	471	1
168	471	1
130	471	1
17	6	1
215	6	1
382	6	1
324	6	1
493	6	1
18	6	1
186	6	1
54	6	1
59	6	1
256	6	1
154	6	1
124	6	1
87	6	1
494	6	1
209	6	1
13	6	1
495	6	1
22	6	1
4	6	1
231	6	1
103	6	1
416	6	1
261	6	1
104	6	1
55	6	1
499	6	1
136	6	1
379	6	1
500	6	1
38	6	1
143	6	1
105	6	1
380	6	1
181	6	1
16	6	1
126	6	1
46	6	1
29	6	1
237	6	1
134	6	1
239	6	1
112	6	1
130	6	1
268	6	1
60	6	1
208	6	1
253	6	1
291	6	1
214	6	1
503	6	1
123	6	1
345	6	1
125	6	1
296	6	1
504	6	1
469	6	1
322	6	1
282	6	1
87	101	1
54	101	1
11	101	1
509	101	1
31	101	1
146	101	1
15	101	1
191	101	1
95	101	1
167	101	1
224	101	1
209	101	1
90	101	1
74	101	1
416	101	1
513	101	1
112	101	1
110	101	1
58	101	1
299	101	1
27	101	1
69	101	1
214	101	1
104	101	1
114	101	1
165	101	1
335	101	1
517	101	1
99	101	1
47	101	1
187	101	1
52	101	1
43	101	1
519	101	1
520	101	1
254	101	1
36	101	1
59	101	1
414	101	1
282	101	1
108	101	1
522	101	1
523	101	1
120	101	1
43	524	1
299	524	1
287	524	1
525	524	1
28	524	1
376	524	1
46	524	1
102	524	1
32	524	1
12	524	1
418	524	1
27	524	1
526	524	1
75	524	1
165	524	1
135	524	1
527	524	1
190	524	1
528	524	1
318	524	1
261	524	1
114	524	1
77	524	1
302	524	1
214	524	1
79	524	1
67	524	1
197	524	1
56	524	1
529	524	1
209	524	1
530	524	1
531	524	1
532	524	1
85	524	1
308	524	1
533	524	1
512	524	1
305	524	1
394	524	1
535	536	1
53	536	1
46	536	1
407	536	1
375	536	1
113	536	1
226	536	1
254	536	1
43	536	1
183	536	1
218	536	1
114	536	1
16	536	1
251	536	1
17	536	1
34	536	1
458	536	1
270	536	1
456	536	1
402	536	1
259	536	1
222	536	1
541	536	1
383	536	1
363	536	1
261	536	1
543	536	1
335	536	1
517	536	1
385	536	1
85	536	1
545	536	1
245	536	1
424	536	1
547	536	1
158	536	1
268	536	1
208	536	1
193	536	1
269	536	1
160	536	1
354	536	1
394	536	1
77	536	1
176	536	1
274	536	1
95	536	1
80	536	1
550	536	1
554	536	1
504	536	1
44	536	1
284	536	1
557	536	1
558	536	1
99	536	1
282	536	1
559	536	1
415	536	1
561	536	1
564	536	1
93	536	1
308	536	1
191	536	1
145	536	1
4	536	1
281	536	1
214	536	1
263	536	1
390	536	1
16	408	1
268	408	1
31	408	1
54	408	1
51	408	1
110	408	1
87	408	1
113	408	1
13	408	1
187	408	1
64	408	1
569	408	1
28	408	1
570	408	1
67	408	1
30	408	1
41	408	1
407	408	1
143	408	1
20	408	1
69	408	1
18	408	1
422	408	1
492	408	1
126	408	1
83	408	1
186	408	1
249	408	1
125	408	1
255	408	1
100	408	1
61	408	1
508	408	1
134	408	1
238	408	1
12	408	1
442	408	1
203	408	1
138	408	1
169	408	1
533	9	1
258	9	1
364	9	1
113	9	1
51	9	1
131	9	1
43	9	1
302	9	1
28	9	1
12	9	1
418	9	1
261	9	1
451	9	1
75	9	1
491	9	1
349	9	1
24	9	1
576	9	1
385	9	1
158	9	1
548	9	1
196	9	1
60	9	1
37	9	1
501	9	1
99	9	1
298	9	1
303	9	1
578	9	1
230	9	1
390	9	1
266	9	1
579	9	1
580	9	1
126	9	1
124	9	1
223	12	1
136	12	1
365	12	1
36	12	1
102	12	1
37	12	1
13	12	1
46	12	1
582	12	1
54	12	1
583	12	1
114	12	1
501	12	1
584	12	1
585	12	1
587	12	1
264	12	1
138	12	1
239	12	1
575	12	1
367	12	1
349	12	1
588	12	1
261	12	1
44	12	1
282	12	1
379	12	1
322	12	1
267	12	1
11	12	1
63	12	1
108	12	1
97	12	1
105	12	1
331	12	1
158	12	1
258	12	1
593	12	1
594	12	1
55	12	1
124	12	1
595	12	1
182	12	1
450	12	1
134	12	1
7	12	1
112	12	1
337	12	1
318	12	1
203	12	1
130	12	1
596	12	1
195	12	1
323	12	1
534	12	1
465	12	1
597	12	1
468	12	1
598	12	1
599	12	1
268	12	1
431	12	1
600	12	1
601	12	1
602	12	1
123	12	1
603	12	1
320	12	1
104	12	1
390	12	1
45	12	1
256	12	1
376	606	1
511	606	1
54	606	1
183	606	1
181	606	1
358	606	1
328	606	1
104	606	1
302	606	1
427	606	1
218	606	1
43	606	1
135	606	1
15	606	1
59	606	1
60	606	1
53	606	1
55	606	1
611	606	1
66	606	1
612	606	1
410	606	1
224	606	1
501	606	1
168	606	1
22	606	1
416	606	1
613	606	1
6	606	1
105	606	1
305	606	1
196	606	1
34	606	1
77	606	1
206	606	1
124	606	1
143	606	1
237	606	1
616	606	1
491	606	1
134	606	1
138	606	1
418	606	1
337	606	1
385	514	1
75	514	1
512	514	1
152	514	1
511	514	1
46	514	1
480	514	1
515	514	1
146	514	1
158	514	1
549	514	1
177	514	1
244	514	1
224	514	1
207	514	1
20	514	1
328	514	1
545	514	1
135	514	1
608	514	1
305	514	1
60	514	1
186	514	1
622	514	1
24	514	1
580	514	1
623	514	1
10	514	1
534	514	1
58	514	1
578	514	1
114	514	1
626	514	1
628	514	1
337	514	1
32	514	1
99	514	1
458	514	1
402	514	1
632	514	1
47	514	1
469	514	1
634	514	1
27	514	1
69	514	1
635	514	1
261	514	1
55	514	1
203	514	1
491	514	1
93	636	1
637	636	1
451	636	1
308	636	1
267	636	1
263	636	1
2	636	1
12	636	1
365	636	1
4	636	1
124	636	1
17	636	1
102	636	1
230	636	1
598	636	1
523	636	1
145	636	1
454	636	1
77	636	1
119	636	1
395	636	1
218	636	1
99	636	1
549	636	1
443	636	1
61	636	1
46	636	1
224	636	1
207	636	1
542	636	1
28	636	1
338	636	1
400	636	1
47	636	1
43	636	1
54	636	1
364	636	1
397	636	1
261	636	1
337	636	1
13	636	1
501	636	1
334	636	1
385	636	1
85	636	1
52	636	1
320	636	1
266	636	1
569	636	1
646	636	1
465	636	1
575	636	1
289	636	1
55	636	1
169	636	1
130	636	1
203	636	1
589	636	1
608	636	1
534	152	1
648	152	1
247	152	1
298	152	1
649	152	1
224	152	1
20	152	1
75	152	1
60	152	1
650	152	1
61	152	1
138	152	1
37	152	1
4	152	1
42	152	1
6	152	1
142	152	1
56	152	1
16	152	1
158	152	1
30	152	1
15	152	1
43	152	1
32	152	1
10	152	1
54	152	1
104	152	1
390	152	1
653	152	1
549	152	1
191	152	1
55	152	1
62	152	1
657	152	1
99	152	1
114	152	1
214	152	1
238	152	1
221	152	1
85	152	1
266	152	1
394	152	1
662	152	1
665	664	1
87	664	1
395	664	1
138	664	1
465	664	1
63	664	1
97	664	1
25	664	1
396	666	1
172	666	1
51	666	1
322	666	1
300	666	1
101	666	1
13	666	1
105	666	1
27	666	1
222	668	1
258	668	1
20	668	1
59	668	1
104	668	1
458	668	1
38	668	1
669	668	1
93	668	1
209	668	1
589	668	1
670	668	1
465	668	1
64	668	1
147	668	1
134	668	1
130	668	1
379	668	1
497	668	1
208	668	1
322	668	1
203	668	1
489	668	1
305	668	1
60	668	1
53	668	1
190	668	1
135	668	1
138	668	1
5	668	1
101	668	1
195	668	1
451	668	1
261	668	1
52	668	1
671	668	1
284	668	1
165	668	1
34	534	1
220	534	1
143	534	1
673	534	1
271	534	1
35	534	1
71	534	1
395	534	1
200	534	1
264	534	1
461	534	1
675	534	1
626	534	1
678	534	1
679	534	1
680	534	1
238	534	1
600	534	1
142	534	1
209	534	1
349	534	1
158	534	1
140	534	1
154	534	1
684	534	1
608	534	1
562	534	1
686	534	1
134	534	1
687	534	1
406	534	1
365	534	1
688	534	1
376	534	1
76	534	1
138	534	1
56	534	1
112	534	1
95	534	1
195	534	1
130	534	1
10	534	1
24	534	1
620	534	1
64	534	1
16	534	1
131	534	1
549	534	1
578	534	1
104	534	1
165	534	1
18	534	1
689	534	1
690	534	1
691	534	1
287	534	1
5	534	1
367	534	1
692	534	1
206	534	1
247	534	1
693	534	1
27	534	1
694	534	1
224	534	1
568	534	1
695	534	1
696	534	1
305	534	1
697	534	1
25	534	1
261	534	1
55	534	1
656	534	1
284	534	1
254	534	1
276	10	1
28	10	1
46	10	1
71	10	1
360	10	1
336	10	1
43	10	1
632	10	1
351	10	1
13	10	1
189	10	1
158	10	1
211	10	1
394	10	1
205	10	1
385	10	1
477	10	1
126	10	1
700	10	1
701	10	1
114	10	1
14	10	1
702	10	1
551	10	1
703	10	1
705	10	1
22	10	1
123	10	1
555	10	1
231	10	1
53	10	1
708	10	1
495	10	1
313	10	1
214	10	1
325	10	1
605	10	1
112	10	1
239	10	1
247	10	1
97	10	1
255	10	1
29	10	1
575	10	1
150	10	1
154	10	1
44	10	1
465	10	1
598	10	1
124	10	1
710	10	1
328	10	1
243	10	1
59	10	1
499	10	1
352	10	1
571	10	1
113	10	1
86	10	1
497	10	1
585	10	1
266	10	1
254	10	1
498	10	1
519	10	1
533	10	1
711	10	1
712	10	1
58	10	1
64	10	1
713	10	1
136	10	1
446	10	1
626	10	1
714	10	1
289	10	1
60	10	1
195	10	1
165	10	1
452	10	1
200	10	1
338	10	1
104	10	1
35	10	1
402	10	1
393	10	1
671	10	1
249	10	1
308	241	1
328	241	1
224	241	1
233	241	1
104	241	1
203	241	1
458	241	1
406	241	1
322	241	1
64	241	1
716	241	1
206	241	1
305	241	1
207	241	1
5	241	1
138	241	1
46	37	1
16	37	1
717	37	1
360	37	1
126	37	1
158	37	1
36	37	1
363	37	1
43	37	1
231	37	1
53	37	1
609	37	1
324	37	1
29	37	1
720	37	1
44	37	1
80	37	1
498	37	1
95	37	1
209	37	1
328	37	1
431	37	1
34	37	1
291	37	1
104	37	1
123	37	1
491	37	1
85	37	1
616	37	1
495	37	1
377	37	1
725	37	1
259	37	1
357	37	1
728	37	1
256	37	1
58	37	1
138	37	1
450	37	1
327	37	1
457	37	1
313	37	1
602	37	1
729	37	1
730	37	1
124	37	1
337	37	1
488	37	1
731	37	1
465	37	1
325	37	1
732	37	1
733	37	1
358	37	1
145	37	1
626	37	1
102	37	1
734	37	1
643	37	1
735	37	1
345	37	1
103	37	1
575	37	1
352	37	1
38	37	1
171	37	1
215	37	1
64	37	1
736	37	1
338	37	1
157	37	1
501	37	1
114	37	1
445	37	1
28	37	1
737	37	1
322	37	1
113	37	1
738	37	1
254	17	1
308	17	1
53	17	1
269	17	1
63	17	1
575	17	1
240	17	1
103	17	1
282	17	1
112	17	1
351	17	1
151	17	1
259	17	1
382	17	1
742	17	1
337	17	1
743	17	1
38	17	1
335	396	1
239	396	1
491	396	1
315	396	1
501	396	1
16	396	1
18	396	1
328	396	1
47	396	1
12	396	1
224	396	1
394	396	1
203	396	1
317	396	1
56	396	1
134	396	1
60	396	1
64	396	1
157	396	1
344	396	1
215	396	1
616	396	1
653	396	1
745	396	1
418	396	1
548	396	1
364	396	1
208	396	1
34	396	1
505	396	1
54	396	1
28	396	1
746	396	1
358	396	1
104	396	1
402	396	1
112	396	1
168	396	1
477	396	1
1	396	1
46	67	1
121	67	1
747	67	1
258	67	1
85	67	1
129	67	1
749	67	1
396	67	1
247	67	1
751	67	1
752	67	1
322	67	1
522	67	1
112	67	1
626	67	1
753	67	1
138	67	1
643	67	1
754	67	1
282	67	1
465	67	1
63	67	1
755	67	1
756	67	1
2	67	1
714	67	1
124	67	1
757	67	1
433	67	1
183	67	1
255	67	1
55	67	1
242	67	1
54	67	1
83	67	1
416	67	1
208	67	1
194	67	1
758	67	1
759	67	1
591	67	1
447	67	1
7	67	1
150	67	1
760	67	1
214	67	1
761	67	1
259	67	1
436	67	1
195	67	1
762	67	1
548	67	1
94	67	1
766	110	1
131	110	1
134	110	1
303	110	1
313	110	1
769	110	1
103	110	1
12	110	1
325	110	1
771	110	1
451	110	1
66	110	1
98	110	1
2	110	1
126	110	1
583	110	1
102	110	1
117	110	1
779	110	1
780	110	1
83	110	1
781	110	1
15	110	1
742	110	1
105	110	1
286	110	1
200	110	1
651	110	1
255	110	1
112	110	1
168	110	1
575	110	1
138	110	1
6	110	1
782	110	1
64	110	1
783	110	1
95	110	1
436	110	1
752	110	1
45	110	1
784	110	1
46	110	1
5	110	1
396	110	1
13	110	1
367	110	1
785	110	1
626	110	1
576	110	1
169	110	1
282	110	1
104	110	1
416	110	1
392	110	1
133	110	1
786	110	1
54	110	1
570	110	1
608	110	1
247	110	1
55	110	1
214	110	1
443	110	1
136	110	1
18	110	1
257	110	1
135	110	1
124	110	1
33	110	1
224	110	1
204	110	1
462	110	1
141	110	1
16	110	1
239	110	1
431	110	1
187	110	1
787	110	1
788	110	1
759	110	1
44	110	1
789	110	1
229	110	1
31	791	1
792	791	1
351	791	1
568	791	1
112	791	1
522	791	1
258	791	1
126	791	1
142	791	1
41	791	1
5	791	1
134	791	1
9	791	1
13	791	1
27	791	1
8	791	1
282	791	1
28	791	1
345	791	1
793	791	1
214	791	1
64	791	1
33	791	1
626	791	1
95	791	1
752	791	1
400	791	1
138	791	1
396	791	1
104	791	1
576	791	1
772	791	1
264	791	1
416	791	1
48	791	1
431	791	1
130	791	1
322	791	1
135	791	1
55	791	1
469	791	1
52	791	1
158	791	1
569	791	1
570	791	1
224	791	1
101	791	1
83	791	1
794	791	1
18	791	1
105	791	1
795	791	1
396	624	1
305	624	1
308	624	1
796	624	1
402	624	1
491	624	1
60	624	1
328	283	1
305	283	1
17	283	1
239	283	1
16	283	1
13	283	1
396	283	1
5	283	1
28	283	1
46	283	1
54	283	1
264	283	1
447	283	1
138	283	1
6	283	1
18	283	1
218	283	1
279	283	1
20	283	1
287	283	1
253	283	1
569	283	1
176	283	1
669	283	1
114	283	1
165	283	1
208	283	1
497	283	1
270	283	1
195	283	1
47	283	1
103	283	1
85	283	1
436	283	1
134	283	1
203	283	1
183	283	1
102	283	1
491	283	1
800	283	1
123	283	1
589	283	1
124	283	1
60	283	1
126	283	1
801	283	1
611	283	1
66	283	1
55	283	1
105	283	1
337	283	1
56	283	1
465	283	1
25	283	1
390	283	1
291	283	1
61	283	1
650	283	1
83	283	1
276	283	1
16	805	1
17	805	1
219	805	1
344	805	1
5	805	1
17	308	1
315	308	1
102	308	1
806	308	1
247	308	1
335	308	1
240	308	1
505	308	1
38	308	1
351	308	1
55	308	1
465	308	1
215	308	1
195	308	1
206	308	1
396	308	1
220	308	1
205	308	1
575	308	1
104	308	1
56	308	1
135	308	1
46	506	1
586	506	1
215	506	1
214	506	1
620	506	1
808	506	1
186	506	1
302	506	1
77	506	1
305	506	1
810	506	1
114	506	1
811	506	1
265	506	1
812	506	1
11	506	1
99	506	1
330	506	1
589	506	1
10	506	1
123	506	1
28	506	1
815	506	1
102	506	1
564	506	1
23	506	1
414	506	1
160	506	1
609	506	1
221	506	1
517	506	1
294	506	1
567	506	1
17	506	1
121	506	1
363	506	1
482	506	1
13	742	1
17	742	1
501	742	1
136	742	1
818	742	1
16	742	1
6	742	1
535	742	1
819	742	1
99	742	1
820	742	1
93	742	1
22	742	1
346	742	1
12	742	1
415	742	1
496	742	1
80	742	1
269	742	1
822	742	1
114	742	1
243	742	1
308	742	1
77	742	1
239	742	1
196	742	1
583	742	1
343	742	1
281	742	1
284	742	1
124	742	1
11	742	1
330	742	1
280	742	1
265	742	1
10	742	1
237	742	1
113	742	1
60	742	1
257	742	1
794	742	1
123	742	1
823	742	1
282	742	1
157	160	1
243	160	1
826	160	1
583	160	1
573	160	1
12	160	1
828	160	1
302	160	1
829	160	1
323	160	1
607	160	1
83	160	1
415	160	1
152	160	1
266	160	1
834	160	1
171	160	1
158	160	1
85	160	1
537	160	1
836	160	1
809	160	1
800	160	1
218	160	1
837	160	1
46	160	1
838	160	1
129	160	1
98	160	1
99	160	1
368	160	1
814	160	1
841	160	1
399	160	1
42	160	1
94	160	1
32	160	1
562	160	1
844	160	1
846	160	1
212	160	1
848	160	1
849	160	1
505	160	1
86	160	1
850	160	1
851	160	1
600	160	1
58	160	1
11	160	1
276	160	1
567	160	1
855	160	1
856	160	1
857	160	1
123	160	1
858	160	1
268	160	1
859	160	1
134	160	1
125	160	1
121	160	1
61	160	1
249	160	1
860	160	1
211	160	1
126	160	1
224	160	1
770	160	1
571	818	1
367	818	1
862	818	1
192	818	1
112	818	1
169	818	1
583	818	1
835	818	1
608	818	1
537	818	1
302	818	1
11	818	1
28	818	1
108	818	1
134	818	1
42	818	1
71	818	1
364	818	1
708	818	1
86	818	1
477	818	1
171	818	1
224	818	1
505	818	1
243	818	1
494	818	1
214	818	1
12	818	1
191	818	1
99	818	1
166	818	1
128	818	1
375	818	1
32	818	1
17	818	1
98	818	1
311	818	1
834	818	1
230	818	1
744	818	1
876	818	1
360	818	1
807	818	1
693	818	1
66	818	1
278	818	1
843	818	1
274	818	1
124	818	1
838	818	1
324	818	1
572	818	1
415	818	1
828	818	1
377	818	1
880	818	1
534	818	1
284	818	1
881	818	1
822	818	1
75	818	1
118	818	1
852	818	1
240	818	1
350	818	1
54	422	1
301	422	1
218	422	1
265	422	1
233	422	1
231	422	1
11	422	1
112	422	1
60	422	1
838	422	1
284	422	1
186	422	1
308	422	1
6	422	1
415	422	1
15	422	1
239	422	1
261	422	1
644	422	1
257	422	1
99	422	1
324	422	1
723	422	1
95	422	1
299	422	1
10	422	1
448	422	1
570	422	1
281	422	1
693	422	1
531	422	1
224	422	1
187	422	1
464	422	1
331	422	1
558	422	1
47	422	1
62	422	1
114	422	1
4	422	1
617	422	1
215	422	1
776	422	1
888	422	1
237	422	1
123	422	1
61	422	1
128	422	1
124	422	1
121	422	1
349	422	1
889	422	1
801	422	1
102	422	1
183	545	1
85	545	1
113	545	1
402	545	1
871	545	1
274	545	1
7	545	1
122	545	1
186	545	1
617	545	1
221	545	1
896	545	1
450	545	1
238	545	1
897	545	1
304	545	1
903	545	1
520	545	1
878	545	1
904	545	1
640	545	1
80	545	1
209	545	1
839	545	1
443	545	1
608	545	1
909	545	1
517	545	1
77	545	1
910	545	1
751	545	1
169	545	1
114	545	1
275	545	1
29	545	1
567	545	1
537	545	1
394	545	1
121	545	1
211	545	1
151	545	1
801	545	1
240	545	1
97	545	1
557	545	1
123	545	1
554	545	1
345	545	1
87	713	1
545	713	1
249	713	1
17	713	1
914	713	1
158	713	1
71	713	1
42	713	1
915	713	1
11	713	1
230	713	1
221	713	1
211	713	1
218	713	1
839	713	1
414	713	1
812	713	1
95	713	1
911	713	1
294	713	1
538	713	1
75	713	1
870	713	1
114	713	1
93	713	1
183	713	1
119	713	1
240	713	1
23	713	1
918	13	1
174	13	1
704	13	1
494	13	1
371	13	1
243	13	1
10	13	1
926	13	1
927	13	1
59	13	1
742	13	1
95	13	1
899	13	1
930	13	1
903	13	1
861	13	1
699	13	1
23	13	1
294	13	1
933	13	1
935	13	1
224	13	1
936	13	1
881	13	1
754	13	1
937	13	1
608	13	1
630	13	1
284	13	1
157	13	1
938	13	1
499	13	1
939	13	1
42	13	1
570	13	1
537	13	1
230	13	1
77	13	1
940	13	1
941	13	1
169	13	1
148	13	1
68	13	1
942	13	1
193	13	1
385	13	1
865	13	1
380	13	1
125	13	1
268	13	1
947	13	1
114	13	1
631	13	1
949	13	1
394	13	1
855	13	1
581	13	1
249	13	1
352	13	1
123	13	1
322	13	1
950	13	1
214	13	1
951	13	1
671	13	1
203	13	1
952	13	1
858	13	1
134	13	1
113	13	1
121	13	1
772	13	1
596	13	1
953	13	1
954	13	1
955	13	1
231	13	1
956	13	1
128	13	1
97	13	1
211	13	1
592	13	1
957	13	1
958	13	1
723	930	1
833	930	1
960	930	1
268	930	1
322	930	1
65	930	1
962	930	1
816	930	1
963	930	1
243	930	1
499	930	1
10	930	1
964	930	1
428	930	1
966	930	1
955	930	1
431	930	1
371	930	1
49	930	1
968	930	1
35	930	1
971	930	1
972	930	1
454	930	1
974	930	1
25	930	1
214	930	1
822	975	1
58	975	1
68	975	1
607	975	1
103	975	1
977	975	1
134	975	1
80	975	1
218	975	1
15	975	1
809	975	1
871	975	1
102	975	1
979	975	1
59	975	1
807	975	1
158	975	1
981	975	1
221	975	1
982	975	1
387	975	1
517	975	1
10	975	1
983	975	1
415	975	1
112	975	1
28	975	1
202	975	1
209	975	1
309	975	1
349	975	1
114	975	1
322	975	1
11	975	1
794	975	1
29	975	1
987	975	1
988	975	1
97	975	1
918	975	1
465	975	1
454	975	1
356	975	1
66	975	1
838	975	1
323	990	1
723	990	1
25	990	1
243	990	1
966	990	1
995	990	1
59	990	1
963	990	1
75	990	1
126	990	1
12	990	1
431	990	1
875	990	1
224	990	1
913	990	1
969	990	1
454	990	1
282	990	1
278	990	1
222	112	1
833	112	1
841	112	1
967	112	1
214	112	1
186	112	1
371	112	1
243	112	1
58	112	1
148	112	1
114	112	1
322	112	1
418	112	1
61	112	1
124	112	1
77	112	1
15	112	1
560	112	1
518	112	1
190	112	1
197	112	1
238	112	1
169	112	1
189	112	1
164	112	1
125	112	1
974	112	1
25	112	1
445	112	1
644	112	1
323	112	1
162	112	1
986	112	1
239	112	1
136	112	1
118	112	1
399	112	1
268	611	1
928	611	1
958	611	1
342	611	1
214	611	1
951	611	1
61	611	1
41	611	1
841	611	1
243	611	1
881	611	1
871	611	1
436	611	1
402	611	1
354	611	1
334	611	1
322	611	1
873	611	1
151	611	1
28	611	1
15	611	1
323	611	1
114	611	1
920	611	1
504	611	1
454	611	1
121	611	1
919	611	1
827	611	1
904	611	1
124	611	1
581	611	1
518	611	1
858	611	1
772	611	1
180	607	1
10	607	1
186	607	1
918	607	1
871	607	1
231	607	1
108	607	1
130	607	1
240	607	1
913	607	1
209	607	1
160	607	1
851	607	1
368	607	1
208	607	1
113	607	1
561	607	1
641	607	1
58	607	1
103	607	1
881	607	1
274	607	1
564	607	1
80	607	1
98	607	1
457	607	1
294	607	1
158	607	1
971	607	1
295	607	1
190	607	1
899	607	1
118	607	1
833	607	1
575	607	1
123	607	1
99	240	1
78	240	1
298	240	1
743	240	1
177	240	1
231	240	1
549	240	1
299	240	1
257	240	1
18	240	1
54	240	1
77	240	1
364	240	1
12	240	1
335	240	1
251	240	1
415	240	1
122	240	1
204	240	1
539	240	1
6	240	1
447	240	1
354	240	1
567	240	1
289	240	1
113	240	1
32	240	1
308	240	1
879	240	1
311	240	1
225	240	1
229	240	1
169	240	1
165	240	1
291	240	1
583	240	1
253	240	1
150	240	1
215	240	1
23	240	1
545	240	1
14	240	1
465	240	1
284	240	1
190	240	1
302	240	1
35	240	1
80	240	1
82	240	1
300	240	1
336	240	1
10	240	1
134	240	1
214	240	1
256	240	1
128	240	1
103	240	1
345	240	1
281	240	1
166	240	1
60	240	1
891	240	1
313	240	1
294	240	1
123	240	1
29	240	1
468	240	1
701	240	1
275	240	1
388	240	1
334	240	1
869	360	1
809	360	1
140	360	1
230	360	1
812	360	1
13	360	1
818	360	1
833	360	1
375	360	1
874	360	1
186	360	1
554	360	1
200	360	1
183	360	1
298	360	1
537	360	1
80	360	1
32	360	1
863	360	1
11	360	1
192	360	1
208	360	1
268	360	1
158	360	1
843	360	1
807	360	1
839	360	1
28	360	1
630	360	1
44	360	1
24	360	1
105	360	1
82	360	1
517	360	1
454	360	1
17	360	1
93	360	1
25	360	1
482	360	1
313	360	1
75	360	1
189	360	1
14	360	1
12	360	1
50	360	1
911	360	1
567	360	1
838	360	1
8	970	1
224	970	1
75	970	1
940	970	1
169	970	1
867	970	1
833	970	1
870	970	1
324	970	1
32	970	1
10	970	1
12	970	1
431	970	1
560	970	1
272	970	1
28	970	1
908	970	1
971	970	1
243	970	1
77	970	1
148	970	1
284	970	1
977	970	1
540	970	1
526	970	1
986	970	1
121	970	1
927	970	1
858	970	1
164	970	1
296	970	1
128	970	1
394	970	1
465	970	1
13	537	1
46	537	1
336	537	1
16	537	1
218	537	1
247	537	1
54	537	1
415	537	1
34	537	1
15	537	1
6	537	1
72	537	1
190	537	1
226	537	1
203	537	1
186	537	1
261	537	1
402	537	1
257	537	1
208	537	1
345	537	1
47	537	1
98	537	1
61	537	1
62	537	1
549	537	1
114	537	1
85	537	1
215	537	1
69	537	1
39	537	1
308	537	1
77	537	1
270	537	1
158	537	1
171	537	1
443	537	1
822	537	1
818	537	1
169	537	1
279	537	1
280	537	1
18	537	1
794	537	1
123	537	1
281	537	1
330	537	1
128	537	1
935	537	1
133	537	1
214	77	1
13	77	1
822	77	1
114	77	1
699	77	1
87	77	1
302	77	1
781	77	1
265	77	1
68	77	1
75	77	1
244	77	1
809	77	1
12	77	1
145	77	1
200	77	1
839	77	1
447	77	1
873	77	1
80	77	1
11	77	1
623	77	1
292	77	1
240	77	1
979	77	1
186	77	1
62	77	1
25	77	1
85	77	1
436	77	1
93	77	1
620	77	1
415	77	1
402	77	1
606	77	1
28	77	1
118	77	1
105	77	1
225	77	1
108	77	1
119	77	1
171	77	1
457	77	1
95	77	1
124	77	1
409	77	1
455	77	1
59	77	1
311	77	1
445	192	1
151	192	1
575	192	1
238	192	1
13	192	1
367	192	1
981	192	1
7	192	1
349	192	1
122	192	1
42	192	1
302	192	1
818	192	1
545	192	1
611	192	1
897	192	1
194	192	1
71	192	1
409	192	1
865	192	1
695	192	1
871	192	1
792	192	1
867	192	1
154	192	1
841	192	1
46	192	1
224	192	1
548	192	1
415	192	1
402	192	1
350	192	1
863	192	1
372	192	1
390	192	1
558	192	1
244	192	1
869	192	1
870	192	1
95	192	1
833	192	1
375	192	1
211	192	1
851	192	1
538	192	1
311	192	1
426	192	1
221	192	1
334	192	1
230	192	1
456	192	1
874	192	1
875	192	1
225	192	1
278	192	1
139	192	1
145	192	1
83	192	1
59	192	1
44	192	1
878	192	1
25	192	1
292	192	1
880	192	1
63	192	1
61	192	1
371	192	1
284	192	1
202	192	1
881	192	1
75	192	1
846	192	1
882	192	1
425	192	1
876	192	1
114	192	1
256	192	1
371	238	1
723	238	1
157	238	1
958	238	1
211	238	1
259	238	1
233	238	1
899	238	1
148	238	1
42	238	1
871	238	1
307	238	1
567	238	1
916	238	1
189	238	1
28	238	1
911	238	1
75	238	1
870	238	1
653	238	1
614	238	1
399	238	1
835	238	1
121	238	1
15	238	1
955	238	1
359	238	1
171	238	1
349	238	1
585	238	1
193	238	1
306	238	1
436	238	1
424	238	1
134	238	1
560	238	1
123	238	1
157	603	1
46	603	1
211	603	1
16	603	1
34	603	1
630	603	1
218	603	1
237	603	1
496	603	1
13	603	1
112	603	1
62	603	1
11	603	1
517	603	1
187	603	1
299	603	1
6	603	1
302	603	1
113	603	1
183	603	1
171	603	1
77	603	1
531	603	1
7	603	1
44	603	1
241	603	1
221	603	1
298	603	1
243	603	1
269	603	1
80	603	1
196	603	1
284	603	1
824	603	1
699	714	1
283	714	1
13	714	1
443	714	1
265	714	1
455	714	1
267	714	1
510	714	1
335	714	1
447	714	1
243	714	1
608	714	1
6	714	1
354	714	1
505	714	1
208	714	1
214	714	1
60	714	1
126	714	1
385	714	1
168	714	1
913	714	1
249	714	1
334	714	1
984	714	1
454	714	1
238	714	1
160	714	1
305	714	1
452	714	1
261	714	1
95	714	1
55	714	1
256	714	1
794	714	1
287	714	1
280	714	1
123	714	1
330	714	1
585	714	1
824	714	1
103	714	1
128	714	1
322	714	1
281	714	1
849	714	1
345	714	1
284	714	1
172	751	1
158	751	1
785	751	1
14	751	1
723	751	1
61	751	1
640	751	1
243	751	1
128	751	1
554	751	1
28	751	1
364	751	1
205	751	1
268	751	1
134	751	1
510	751	1
585	751	1
113	751	1
373	751	1
608	751	1
307	751	1
85	751	1
350	751	1
454	751	1
136	751	1
288	751	1
436	751	1
913	751	1
824	751	1
41	751	1
570	751	1
214	751	1
334	751	1
282	751	1
918	751	1
958	751	1
546	751	1
951	751	1
965	751	1
873	751	1
548	751	1
382	751	1
238	751	1
345	751	1
605	385	1
839	385	1
183	385	1
112	385	1
13	385	1
833	385	1
243	385	1
32	385	1
17	385	1
872	385	1
46	385	1
863	385	1
812	385	1
247	385	1
645	385	1
349	385	1
28	385	1
415	385	1
545	385	1
864	385	1
876	385	1
537	385	1
80	385	1
11	385	1
158	385	1
268	385	1
843	385	1
123	385	1
207	385	1
44	385	1
820	385	1
517	385	1
454	385	1
331	385	1
881	385	1
882	385	1
218	385	1
447	385	1
124	385	1
567	385	1
233	586	1
13	586	1
871	586	1
302	586	1
32	586	1
862	586	1
121	586	1
414	586	1
231	586	1
506	586	1
221	586	1
158	586	1
812	586	1
813	586	1
814	586	1
545	586	1
831	586	1
364	586	1
75	586	1
50	586	1
807	586	1
171	586	1
349	586	1
331	586	1
510	586	1
800	586	1
342	586	1
345	586	1
194	586	1
240	586	1
46	586	1
47	586	1
852	586	1
693	586	1
630	586	1
140	586	1
114	586	1
572	586	1
822	586	1
61	586	1
838	586	1
849	586	1
295	586	1
169	586	1
330	586	1
38	581	1
324	581	1
396	581	1
537	581	1
12	581	1
583	581	1
17	581	1
180	581	1
605	581	1
165	581	1
11	581	1
261	581	1
151	581	1
269	581	1
283	581	1
318	581	1
238	581	1
16	581	1
600	581	1
367	581	1
62	581	1
865	581	1
429	581	1
821	581	1
6	581	1
563	581	1
464	581	1
63	581	1
330	581	1
171	581	1
58	581	1
278	581	1
249	581	1
221	581	1
935	581	1
18	581	1
440	581	1
196	581	1
267	581	1
827	581	1
168	581	1
71	581	1
203	581	1
229	581	1
683	581	1
987	581	1
741	581	1
701	581	1
897	581	1
123	581	1
794	581	1
671	581	1
901	581	1
862	581	1
134	581	1
554	581	1
128	581	1
160	581	1
10	581	1
458	581	1
545	581	1
169	581	1
708	581	1
849	581	1
653	581	1
157	581	1
445	581	1
124	581	1
364	581	1
814	581	1
226	581	1
125	581	1
268	581	1
596	581	1
121	581	1
496	581	1
477	581	1
844	581	1
240	581	1
816	581	1
102	581	1
145	581	1
830	581	1
166	581	1
29	581	1
397	581	1
345	581	1
632	581	1
913	581	1
158	581	1
984	581	1
386	581	1
695	581	1
49	581	1
573	581	1
592	581	1
965	581	1
376	581	1
288	581	1
822	844	1
299	844	1
46	844	1
284	844	1
218	844	1
20	844	1
903	844	1
360	844	1
591	844	1
336	844	1
134	844	1
344	844	1
488	844	1
41	844	1
281	844	1
6	844	1
105	844	1
54	844	1
169	844	1
112	844	1
237	844	1
13	844	1
226	844	1
314	844	1
35	844	1
458	844	1
136	844	1
16	844	1
53	844	1
238	120	1
335	120	1
247	120	1
501	120	1
437	120	1
299	120	1
112	120	1
28	120	1
398	120	1
327	120	1
95	120	1
11	120	1
59	120	1
256	120	1
450	120	1
63	120	1
194	120	1
196	120	1
134	120	1
44	120	1
308	120	1
6	120	1
130	120	1
254	120	1
61	120	1
278	46	1
517	46	1
181	46	1
17	46	1
98	46	1
822	46	1
838	46	1
384	46	1
234	46	1
105	46	1
238	46	1
121	46	1
935	46	1
322	46	1
203	46	1
330	46	1
11	46	1
752	46	1
396	46	1
207	46	1
608	46	1
930	46	1
134	46	1
465	46	1
130	46	1
489	46	1
256	46	1
128	46	1
402	46	1
60	46	1
112	731	1
16	731	1
18	731	1
254	731	1
214	731	1
46	731	1
240	731	1
55	731	1
177	731	1
742	731	1
219	731	1
28	731	1
17	731	1
548	899	1
951	899	1
833	899	1
119	899	1
839	899	1
219	899	1
937	899	1
130	899	1
89	899	1
12	899	1
699	899	1
105	899	1
238	899	1
121	899	1
268	899	1
345	899	1
569	899	1
243	899	1
458	899	1
399	899	1
543	899	1
918	899	1
134	899	1
41	899	1
95	899	1
899	899	1
7	899	1
465	899	1
221	899	1
546	899	1
723	899	1
518	221	1
405	221	1
917	221	1
209	221	1
113	221	1
12	221	1
44	221	1
958	221	1
396	221	1
862	221	1
121	221	1
334	221	1
41	221	1
28	221	1
265	221	1
859	221	1
913	221	1
918	221	1
95	221	1
197	221	1
214	221	1
239	221	1
130	221	1
190	221	1
951	221	1
754	221	1
268	221	1
22	221	1
140	221	1
934	221	1
945	221	1
723	221	1
13	221	1
611	221	1
564	221	1
124	221	1
368	221	1
930	221	1
42	221	1
367	221	1
583	221	1
238	221	1
569	221	1
371	221	1
105	221	1
838	221	1
200	221	1
899	221	1
360	221	1
166	221	1
955	221	1
573	221	1
255	221	1
881	221	1
284	221	1
97	221	1
443	507	1
22	507	1
63	507	1
61	507	1
54	507	1
221	507	1
517	507	1
258	507	1
345	507	1
191	507	1
338	507	1
134	507	1
211	507	1
712	507	1
240	507	1
794	507	1
759	507	1
13	507	1
384	507	1
121	507	1
505	507	1
336	507	1
828	507	1
580	507	1
489	507	1
7	507	1
330	507	1
130	507	1
608	507	1
95	507	1
734	507	1
143	507	1
984	507	1
18	507	1
85	507	1
11	507	1
243	507	1
190	507	1
723	17	1
343	17	1
839	17	1
871	17	1
737	17	1
489	17	1
364	17	1
822	17	1
330	17	1
158	17	1
834	17	1
831	17	1
517	17	1
550	17	1
247	17	1
415	17	1
102	17	1
183	17	1
899	17	1
168	17	1
951	934	1
913	934	1
130	934	1
611	934	1
699	934	1
288	934	1
128	934	1
465	934	1
282	934	1
121	934	1
608	934	1
103	934	1
284	934	1
86	934	1
914	934	1
426	224	1
11	224	1
424	224	1
46	224	1
265	224	1
407	224	1
61	224	1
23	224	1
233	224	1
699	224	1
6	224	1
54	224	1
367	224	1
44	224	1
10	224	1
113	224	1
545	224	1
134	224	1
247	224	1
268	224	1
281	224	1
284	224	1
465	224	1
445	224	1
600	224	1
237	224	1
122	224	1
214	224	1
253	224	1
294	224	1
564	224	1
29	224	1
265	278	1
324	278	1
140	278	1
491	278	1
238	278	1
274	278	1
776	278	1
349	278	1
322	278	1
121	278	1
11	278	1
534	278	1
575	278	1
247	278	1
7	278	1
12	278	1
794	278	1
759	278	1
862	278	1
913	278	1
130	278	1
807	278	1
46	278	1
757	278	1
809	278	1
564	278	1
979	278	1
83	278	1
14	278	1
224	278	1
517	278	1
10	278	1
415	278	1
838	278	1
505	278	1
803	278	1
200	278	1
988	278	1
61	278	1
761	278	1
284	278	1
25	278	1
444	278	1
390	278	1
168	278	1
401	278	1
833	243	1
723	243	1
259	243	1
189	243	1
812	243	1
180	243	1
158	243	1
349	243	1
239	243	1
841	243	1
121	243	1
130	243	1
294	243	1
708	243	1
422	243	1
123	243	1
394	243	1
605	243	1
539	243	1
803	243	1
537	243	1
510	243	1
930	243	1
221	243	1
897	243	1
848	243	1
901	243	1
752	243	1
29	243	1
608	243	1
603	243	1
13	219	1
258	219	1
501	219	1
299	219	1
302	219	1
224	219	1
218	219	1
226	219	1
34	219	1
22	219	1
136	219	1
256	219	1
630	219	1
62	219	1
345	219	1
169	219	1
280	219	1
313	219	1
103	219	1
203	219	1
289	219	1
102	219	1
965	219	1
134	219	1
239	219	1
127	219	1
241	219	1
394	219	1
4	219	1
458	219	1
343	219	1
54	219	1
752	219	1
133	219	1
564	219	1
257	219	1
330	219	1
168	219	1
104	219	1
452	190	1
851	190	1
870	190	1
302	190	1
989	190	1
605	190	1
28	190	1
648	190	1
214	190	1
41	190	1
833	190	1
546	190	1
10	190	1
925	190	1
405	190	1
397	190	1
50	190	1
306	190	1
165	190	1
49	190	1
854	190	1
191	190	1
85	190	1
858	190	1
957	190	1
435	190	1
919	190	1
841	190	1
598	190	1
282	190	1
927	190	1
345	190	1
477	190	1
575	190	1
454	190	1
253	190	1
548	190	1
955	190	1
465	190	1
121	190	1
61	190	1
130	190	1
390	190	1
35	190	1
596	190	1
444	190	1
124	190	1
103	190	1
288	190	1
838	190	1
623	190	1
518	190	1
350	190	1
759	190	1
197	36	1
191	36	1
208	36	1
608	36	1
214	36	1
240	36	1
114	36	1
833	36	1
827	36	1
814	36	1
545	36	1
957	36	1
17	36	1
112	36	1
224	36	1
12	36	1
200	36	1
505	36	1
221	36	1
44	36	1
573	36	1
758	36	1
899	36	1
231	36	1
59	36	1
913	36	1
723	36	1
841	36	1
282	36	1
871	36	1
517	36	1
125	871	1
814	871	1
863	871	1
61	871	1
365	871	1
58	871	1
239	871	1
873	871	1
355	871	1
68	871	1
862	871	1
856	871	1
12	871	1
266	871	1
217	871	1
545	871	1
238	871	1
240	871	1
390	871	1
284	871	1
364	871	1
324	871	1
302	871	1
531	871	1
505	871	1
754	871	1
112	871	1
105	871	1
172	871	1
611	871	1
276	871	1
913	871	1
190	871	1
356	871	1
11	871	1
44	871	1
708	871	1
620	871	1
165	871	1
183	871	1
309	871	1
60	871	1
221	871	1
881	871	1
25	871	1
85	871	1
853	871	1
45	871	1
477	871	1
123	871	1
564	871	1
296	871	1
136	871	1
191	871	1
168	871	1
393	871	1
296	324	1
447	324	1
13	324	1
219	324	1
915	324	1
42	324	1
375	324	1
435	324	1
128	324	1
221	324	1
445	324	1
548	324	1
157	324	1
105	324	1
60	324	1
169	324	1
402	324	1
462	324	1
477	324	1
620	324	1
171	324	1
114	324	1
505	324	1
414	324	1
266	324	1
209	324	1
190	324	1
32	324	1
247	324	1
365	324	1
80	324	1
44	324	1
817	324	1
699	324	1
349	324	1
833	324	1
98	324	1
29	324	1
988	324	1
415	324	1
268	324	1
123	324	1
122	324	1
331	324	1
637	324	1
134	324	1
322	324	1
496	324	1
11	324	1
61	324	1
465	324	1
58	324	1
396	324	1
129	324	1
913	324	1
121	324	1
189	324	1
237	324	1
862	324	1
759	324	1
957	324	1
15	324	1
211	324	1
12	324	1
249	324	1
166	324	1
591	324	1
380	324	1
113	324	1
38	98	1
121	98	1
608	98	1
54	98	1
18	98	1
528	98	1
406	98	1
127	98	1
282	98	1
34	98	1
620	98	1
12	98	1
157	98	1
11	98	1
16	98	1
162	98	1
822	98	1
281	98	1
6	98	1
113	98	1
211	98	1
44	98	1
368	98	1
95	98	1
352	98	1
28	98	1
794	98	1
754	98	1
112	98	1
59	98	1
134	98	1
723	927	1
505	927	1
394	927	1
231	927	1
858	927	1
190	927	1
396	927	1
548	927	1
130	927	1
28	927	1
85	927	1
124	927	1
934	927	1
239	927	1
214	927	1
955	927	1
838	927	1
255	927	1
306	927	1
221	927	1
881	927	1
284	927	1
939	927	1
385	927	1
839	927	1
569	927	1
44	927	1
221	169	1
345	169	1
13	169	1
28	169	1
360	169	1
814	169	1
182	169	1
365	169	1
209	169	1
447	169	1
134	169	1
121	169	1
574	169	1
414	169	1
517	169	1
827	169	1
240	169	1
214	169	1
390	169	1
151	169	1
506	169	1
957	169	1
834	169	1
862	169	1
918	169	1
10	169	1
95	169	1
112	169	1
913	169	1
318	169	1
444	169	1
575	169	1
596	169	1
515	169	1
608	169	1
831	169	1
943	169	1
130	169	1
259	169	1
12	169	1
801	169	1
46	169	1
279	169	1
849	169	1
16	169	1
162	169	1
366	169	1
496	169	1
18	169	1
133	169	1
128	169	1
113	169	1
281	169	1
742	169	1
208	169	1
930	169	1
54	169	1
282	169	1
196	169	1
255	169	1
230	169	1
256	169	1
59	169	1
46	96	1
71	96	1
710	96	1
839	96	1
640	96	1
226	96	1
93	96	1
10	96	1
278	96	1
926	96	1
121	96	1
612	96	1
64	96	1
281	96	1
596	96	1
360	96	1
239	96	1
130	96	1
605	96	1
85	96	1
134	96	1
549	96	1
128	96	1
127	96	1
308	96	1
930	96	1
506	96	1
214	96	1
11	96	1
268	96	1
548	96	1
95	96	1
58	96	1
338	96	1
334	96	1
112	96	1
183	96	1
359	96	1
6	96	1
608	96	1
284	96	1
287	96	1
190	96	1
257	96	1
614	96	1
330	96	1
824	96	1
794	96	1
984	96	1
674	96	1
196	96	1
256	96	1
888	96	1
575	96	1
488	96	1
436	96	1
61	41	1
841	41	1
12	41	1
38	41	1
222	41	1
723	41	1
85	41	1
913	41	1
63	41	1
86	41	1
197	41	1
23	41	1
59	41	1
80	41	1
32	41	1
94	41	1
307	41	1
851	41	1
134	41	1
971	41	1
25	41	1
214	41	1
858	41	1
121	41	1
611	41	1
29	41	1
28	41	1
10	41	1
128	41	1
243	41	1
238	41	1
324	41	1
548	41	1
752	41	1
296	41	1
824	41	1
162	41	1
124	41	1
103	41	1
896	41	1
608	41	1
963	41	1
855	41	1
710	41	1
951	41	1
860	41	1
581	41	1
283	140	1
984	140	1
18	140	1
366	140	1
350	140	1
772	140	1
128	140	1
136	140	1
134	140	1
47	140	1
965	140	1
114	140	1
281	140	1
824	140	1
586	140	1
426	140	1
102	140	1
352	140	1
112	140	1
437	140	1
239	140	1
707	140	1
10	140	1
596	140	1
402	140	1
693	140	1
121	140	1
601	140	1
551	140	1
113	140	1
913	140	1
249	140	1
240	140	1
330	140	1
269	140	1
7	140	1
496	140	1
325	140	1
858	612	1
371	612	1
913	612	1
63	612	1
922	612	1
247	612	1
820	612	1
833	612	1
284	612	1
930	612	1
963	612	1
268	612	1
189	612	1
611	612	1
41	612	1
190	612	1
841	612	1
862	612	1
415	334	1
46	334	1
10	334	1
443	334	1
342	334	1
283	334	1
712	334	1
166	334	1
28	334	1
77	334	1
507	334	1
258	334	1
34	334	1
256	334	1
267	334	1
85	334	1
387	334	1
249	334	1
207	334	1
851	334	1
986	334	1
209	334	1
909	334	1
306	334	1
280	334	1
394	334	1
121	334	1
965	334	1
468	334	1
247	334	1
794	334	1
318	334	1
130	334	1
128	334	1
294	334	1
287	334	1
477	334	1
281	334	1
123	334	1
984	334	1
330	334	1
586	334	1
930	334	1
585	334	1
824	334	1
367	334	1
288	334	1
124	334	1
454	334	1
168	334	1
445	334	1
298	402	1
42	402	1
360	402	1
988	402	1
77	402	1
166	402	1
394	402	1
833	402	1
13	402	1
545	402	1
44	402	1
202	402	1
46	402	1
124	402	1
134	402	1
230	402	1
794	402	1
415	402	1
112	402	1
302	402	1
396	402	1
517	402	1
168	402	1
54	402	1
605	699	1
298	699	1
723	699	1
839	699	1
265	699	1
214	699	1
331	699	1
811	699	1
183	699	1
505	699	1
364	699	1
409	699	1
87	699	1
339	699	1
93	699	1
12	699	1
517	699	1
112	699	1
59	699	1
342	699	1
85	699	1
165	699	1
833	699	1
148	699	1
98	699	1
267	699	1
447	699	1
15	699	1
86	699	1
856	699	1
852	699	1
294	699	1
125	699	1
249	699	1
190	699	1
108	699	1
102	699	1
561	699	1
217	699	1
731	699	1
371	699	1
194	699	1
843	699	1
874	699	1
286	699	1
276	699	1
377	699	1
422	699	1
166	699	1
510	699	1
75	699	1
827	699	1
630	699	1
465	699	1
229	699	1
436	699	1
225	699	1
83	699	1
859	699	1
596	699	1
849	699	1
71	699	1
297	699	1
575	699	1
585	699	1
913	699	1
238	699	1
260	699	1
986	699	1
318	699	1
897	699	1
25	699	1
221	699	1
333	699	1
752	699	1
352	699	1
123	699	1
699	699	1
11	699	1
151	699	1
864	699	1
754	699	1
759	699	1
124	699	1
591	699	1
965	699	1
345	699	1
445	699	1
643	699	1
281	699	1
211	699	1
29	699	1
87	7	1
63	7	1
193	7	1
518	7	1
858	7	1
268	7	1
164	7	1
899	7	1
575	7	1
281	7	1
859	7	1
238	7	1
221	283	1
119	283	1
517	283	1
871	283	1
394	283	1
415	283	1
278	283	1
814	283	1
62	283	1
207	283	1
301	283	1
330	283	1
822	283	1
112	283	1
172	283	1
853	283	1
803	283	1
393	283	1
243	283	1
80	283	1
605	283	1
708	283	1
29	283	1
477	283	1
816	283	1
699	283	1
967	283	1
824	283	1
576	283	1
822	839	1
951	839	1
899	839	1
41	839	1
723	839	1
267	839	1
12	839	1
165	839	1
871	839	1
214	839	1
918	839	1
465	839	1
345	839	1
240	839	1
334	839	1
546	839	1
394	839	1
360	839	1
105	839	1
108	839	1
309	839	1
699	839	1
987	839	1
113	839	1
548	839	1
284	839	1
134	839	1
221	839	1
103	839	1
151	839	1
44	839	1
838	839	1
390	839	1
752	839	1
180	839	1
86	371	1
605	371	1
718	371	1
699	371	1
755	371	1
105	371	1
607	371	1
211	371	1
63	371	1
339	371	1
548	371	1
841	371	1
518	371	1
169	371	1
209	371	1
114	371	1
134	371	1
871	371	1
589	371	1
608	371	1
866	371	1
45	371	1
59	371	1
182	371	1
268	371	1
44	371	1
637	371	1
136	371	1
323	371	1
349	371	1
42	371	1
158	371	1
135	371	1
776	371	1
546	371	1
233	371	1
82	371	1
294	371	1
83	371	1
12	371	1
445	371	1
272	371	1
530	371	1
29	371	1
172	319	1
803	319	1
222	319	1
38	319	1
224	319	1
963	319	1
191	319	1
371	319	1
273	319	1
28	319	1
971	319	1
874	319	1
879	319	1
86	319	1
637	319	1
83	319	1
569	319	1
143	319	1
350	319	1
414	319	1
186	319	1
435	319	1
328	319	1
450	319	1
12	319	1
840	319	1
272	319	1
158	319	1
69	319	1
197	319	1
50	319	1
605	319	1
159	319	1
124	319	1
893	319	1
32	319	1
114	319	1
193	319	1
757	28	1
230	28	1
224	28	1
211	28	1
841	28	1
963	28	1
916	28	1
41	28	1
265	28	1
69	28	1
222	28	1
971	28	1
186	28	1
803	28	1
605	28	1
193	28	1
94	28	1
158	28	1
754	28	1
616	28	1
32	28	1
123	28	1
871	28	1
124	28	1
431	28	1
569	28	1
494	28	1
915	28	1
359	28	1
164	28	1
86	28	1
429	28	1
169	28	1
370	28	1
62	28	1
189	28	1
874	28	1
344	28	1
510	28	1
63	28	1
560	816	1
298	816	1
59	816	1
607	816	1
637	816	1
239	816	1
338	816	1
507	816	1
435	816	1
377	816	1
224	816	1
407	816	1
15	816	1
458	816	1
591	816	1
464	816	1
878	816	1
323	816	1
963	816	1
86	816	1
190	816	1
971	816	1
997	816	1
105	816	1
25	816	1
445	816	1
394	816	1
114	816	1
371	296	1
918	296	1
86	296	1
59	296	1
231	296	1
841	296	1
971	296	1
342	296	1
356	296	1
10	296	1
581	296	1
15	296	1
135	296	1
94	296	1
824	296	1
169	296	1
957	296	1
866	296	1
926	296	1
44	296	1
355	296	1
7	296	1
573	296	1
249	296	1
114	296	1
166	296	1
770	296	1
530	296	1
123	296	1
959	296	1
103	296	1
715	608	1
307	608	1
94	608	1
105	608	1
918	608	1
667	608	1
885	608	1
399	608	1
963	608	1
42	608	1
159	608	1
103	608	1
363	608	1
572	608	1
554	608	1
158	608	1
803	608	1
884	608	1
83	608	1
114	608	1
86	608	1
169	608	1
294	608	1
113	608	1
108	608	1
515	608	1
469	608	1
456	608	1
134	608	1
815	608	1
580	608	1
123	608	1
365	608	1
557	608	1
128	608	1
534	608	1
547	608	1
63	608	1
230	608	1
23	608	1
414	608	1
874	608	1
894	608	1
939	608	1
431	608	1
871	608	1
59	608	1
92	608	1
402	608	1
151	608	1
548	608	1
86	539	1
605	539	1
224	539	1
83	539	1
128	539	1
212	539	1
918	539	1
841	539	1
214	539	1
637	539	1
12	539	1
548	539	1
276	539	1
323	539	1
863	539	1
866	539	1
392	539	1
80	539	1
191	539	1
268	539	1
431	539	1
342	575	1
268	575	1
224	575	1
113	575	1
135	575	1
172	575	1
158	575	1
159	575	1
971	575	1
447	575	1
375	575	1
878	575	1
83	575	1
42	575	1
947	575	1
134	575	1
349	575	1
580	575	1
114	575	1
10	575	1
537	575	1
80	575	1
834	575	1
548	575	1
169	575	1
12	575	1
699	575	1
867	575	1
190	575	1
233	370	1
298	370	1
102	370	1
454	370	1
42	370	1
858	370	1
356	370	1
963	370	1
354	370	1
409	370	1
323	370	1
971	370	1
32	370	1
294	370	1
871	370	1
214	370	1
342	370	1
59	370	1
136	370	1
955	370	1
128	370	1
125	370	1
133	370	1
80	370	1
607	370	1
581	370	1
55	370	1
718	370	1
410	370	1
526	370	1
123	370	1
114	370	1
140	370	1
445	370	1
281	370	1
431	370	1
974	370	1
222	548	1
7	548	1
841	548	1
367	548	1
518	548	1
224	548	1
338	548	1
239	548	1
191	548	1
605	548	1
997	548	1
340	548	1
166	548	1
28	548	1
83	548	1
637	548	1
118	548	1
454	548	1
94	548	1
613	548	1
323	548	1
935	548	1
611	548	1
824	548	1
126	548	1
352	548	1
121	548	1
128	548	1
879	803	1
94	803	1
605	803	1
224	803	1
866	803	1
570	803	1
42	803	1
63	803	1
526	803	1
572	803	1
350	803	1
780	803	1
377	803	1
409	803	1
468	803	1
66	803	1
265	803	1
143	803	1
515	803	1
105	803	1
169	803	1
124	803	1
22	803	1
963	803	1
693	803	1
298	803	1
28	803	1
449	803	1
268	803	1
294	803	1
938	803	1
841	803	1
871	803	1
414	803	1
323	803	1
454	803	1
191	803	1
296	803	1
19	803	1
573	803	1
80	803	1
456	803	1
151	803	1
171	803	1
818	803	1
193	803	1
324	803	1
121	803	1
82	803	1
923	803	1
83	803	1
236	803	1
653	803	1
859	803	1
379	803	1
390	803	1
884	803	1
883	803	1
419	803	1
133	803	1
278	803	1
618	803	1
757	803	1
710	447	1
381	447	1
359	447	1
182	447	1
371	447	1
803	447	1
38	447	1
916	447	1
613	447	1
28	447	1
37	447	1
407	447	1
113	447	1
458	447	1
971	447	1
646	447	1
445	447	1
105	447	1
121	447	1
499	447	1
585	447	1
80	447	1
186	447	1
642	447	1
653	447	1
515	447	1
349	447	1
879	447	1
12	447	1
307	447	1
945	447	1
50	447	1
62	447	1
470	447	1
874	447	1
970	447	1
582	447	1
583	447	1
377	447	1
865	447	1
288	447	1
617	447	1
436	447	1
126	447	1
61	447	1
140	354	1
922	354	1
371	354	1
233	354	1
963	354	1
307	354	1
224	354	1
961	354	1
918	354	1
83	354	1
135	354	1
50	354	1
355	354	1
323	354	1
59	354	1
393	354	1
871	354	1
342	354	1
278	354	1
515	354	1
324	354	1
641	354	1
974	354	1
390	354	1
121	354	1
134	354	1
164	354	1
997	354	1
611	354	1
955	354	1
754	354	1
677	354	1
25	354	1
801	354	1
296	354	1
83	105	1
28	105	1
298	105	1
613	105	1
754	105	1
194	105	1
265	105	1
191	105	1
32	105	1
158	105	1
963	105	1
41	105	1
916	105	1
324	105	1
614	105	1
938	105	1
328	105	1
841	105	1
7	105	1
981	105	1
249	105	1
569	105	1
186	105	1
643	105	1
365	105	1
114	105	1
209	105	1
596	105	1
874	105	1
62	105	1
456	105	1
124	105	1
445	105	1
268	105	1
281	105	1
123	105	1
616	105	1
125	105	1
915	105	1
347	105	1
339	105	1
264	105	1
323	105	1
344	105	1
816	617	1
28	617	1
407	617	1
997	617	1
464	617	1
955	617	1
68	617	1
158	617	1
371	617	1
367	617	1
871	617	1
360	617	1
391	617	1
911	617	1
583	617	1
986	617	1
140	617	1
222	617	1
608	617	1
214	617	1
340	617	1
574	617	1
981	617	1
166	617	1
376	617	1
122	617	1
626	617	1
904	617	1
44	617	1
873	617	1
349	617	1
303	617	1
105	617	1
118	617	1
135	617	1
268	617	1
469	617	1
29	617	1
136	42	1
28	42	1
224	42	1
41	42	1
171	42	1
15	42	1
268	42	1
186	42	1
866	42	1
328	42	1
214	42	1
613	42	1
608	42	1
114	42	1
307	42	1
393	42	1
491	42	1
123	42	1
879	171	1
113	171	1
352	171	1
671	171	1
28	171	1
158	171	1
265	171	1
86	171	1
841	171	1
642	171	1
981	171	1
971	171	1
409	171	1
349	171	1
499	171	1
613	171	1
820	171	1
328	171	1
159	171	1
281	171	1
169	113	1
135	113	1
537	113	1
190	113	1
491	113	1
224	113	1
7	113	1
288	113	1
776	113	1
134	113	1
44	113	1
157	113	1
783	113	1
841	113	1
114	113	1
394	113	1
530	113	1
370	113	1
462	113	1
210	113	1
324	113	1
846	113	1
971	113	1
803	113	1
105	113	1
208	113	1
233	113	1
252	113	1
445	113	1
172	113	1
981	113	1
10	113	1
350	113	1
180	113	1
166	113	1
454	113	1
456	113	1
204	113	1
230	113	1
776	412	1
102	412	1
121	412	1
209	412	1
608	412	1
233	412	1
32	412	1
134	412	1
261	412	1
298	412	1
394	412	1
526	412	1
961	412	1
989	412	1
572	412	1
191	412	1
613	412	1
871	412	1
82	412	1
839	412	1
274	412	1
837	412	1
63	412	1
323	412	1
905	412	1
454	412	1
197	412	1
294	412	1
10	412	1
114	412	1
25	412	1
370	412	1
118	412	1
611	412	1
352	412	1
454	290	1
113	290	1
323	290	1
140	290	1
971	290	1
637	290	1
841	290	1
278	290	1
32	290	1
186	290	1
209	290	1
581	290	1
360	290	1
583	290	1
342	290	1
515	290	1
7	290	1
339	290	1
82	290	1
356	290	1
133	290	1
261	290	1
878	290	1
171	290	1
843	290	1
127	290	1
281	290	1
394	290	1
323	164	1
113	164	1
884	164	1
114	164	1
803	164	1
294	164	1
637	164	1
307	164	1
932	164	1
158	164	1
44	164	1
197	164	1
214	164	1
182	164	1
570	164	1
530	164	1
189	164	1
608	164	1
29	164	1
268	164	1
398	164	1
193	164	1
491	164	1
114	94	1
86	94	1
350	94	1
135	94	1
66	94	1
233	94	1
971	94	1
105	94	1
143	94	1
282	94	1
268	94	1
608	94	1
572	94	1
562	94	1
356	94	1
841	94	1
83	94	1
938	94	1
292	94	1
583	94	1
342	94	1
136	94	1
656	94	1
204	94	1
323	94	1
874	94	1
956	94	1
191	94	1
380	94	1
260	94	1
873	94	1
19	94	1
344	94	1
409	94	1
918	94	1
879	94	1
424	94	1
158	94	1
224	94	1
783	94	1
447	94	1
290	94	1
923	94	1
236	94	1
548	94	1
365	94	1
859	94	1
133	94	1
247	94	1
379	94	1
39	94	1
689	94	1
820	94	1
450	94	1
730	94	1
602	94	1
957	94	1
126	94	1
770	94	1
124	94	1
121	94	1
265	94	1
164	94	1
557	94	1
193	94	1
535	94	1
214	94	1
601	94	1
469	94	1
10	94	1
371	284	1
367	284	1
105	284	1
927	284	1
839	284	1
435	284	1
118	284	1
86	284	1
122	284	1
10	284	1
356	284	1
191	284	1
8	284	1
151	284	1
249	284	1
42	284	1
134	284	1
121	284	1
858	284	1
123	284	1
560	284	1
281	284	1
164	284	1
859	284	1
128	284	1
396	323	1
961	323	1
209	323	1
537	323	1
239	323	1
222	323	1
86	323	1
128	323	1
611	323	1
915	323	1
134	323	1
114	323	1
169	323	1
49	323	1
518	323	1
159	323	1
249	323	1
370	323	1
94	323	1
298	323	1
974	323	1
230	323	1
605	323	1
69	323	1
166	323	1
123	323	1
997	583	1
371	583	1
42	583	1
222	583	1
611	583	1
617	583	1
963	583	1
961	583	1
608	583	1
190	583	1
12	583	1
971	583	1
868	583	1
59	583	1
58	583	1
899	583	1
15	583	1
454	583	1
186	583	1
614	583	1
7	583	1
342	583	1
444	583	1
298	583	1
571	583	1
562	583	1
209	583	1
91	583	1
605	583	1
44	583	1
947	583	1
435	583	1
191	583	1
118	583	1
757	583	1
394	583	1
230	661	1
371	661	1
464	661	1
265	661	1
253	661	1
186	661	1
971	661	1
193	661	1
276	661	1
28	661	1
841	661	1
32	661	1
86	661	1
393	661	1
863	661	1
36	661	1
918	661	1
637	661	1
225	661	1
204	661	1
660	661	1
29	661	1
164	661	1
963	661	1
831	151	1
961	151	1
816	151	1
963	151	1
28	151	1
454	151	1
405	151	1
770	151	1
12	151	1
284	151	1
427	151	1
871	151	1
367	151	1
997	151	1
955	151	1
971	151	1
391	151	1
605	151	1
911	151	1
190	151	1
83	151	1
342	151	1
214	151	1
340	151	1
518	151	1
197	151	1
617	151	1
803	151	1
118	151	1
68	151	1
44	151	1
281	151	1
581	239	1
407	239	1
356	239	1
414	239	1
589	239	1
134	239	1
323	239	1
32	239	1
371	239	1
518	239	1
350	239	1
390	239	1
123	239	1
356	206	1
166	206	1
323	206	1
841	206	1
371	206	1
491	206	1
169	206	1
210	206	1
224	206	1
214	206	1
190	206	1
874	206	1
134	206	1
444	206	1
445	206	1
418	206	1
758	206	1
10	206	1
182	206	1
554	206	1
7	206	1
105	206	1
309	206	1
113	605	1
59	605	1
298	605	1
914	605	1
342	605	1
222	605	1
182	605	1
324	605	1
28	605	1
537	605	1
873	605	1
230	605	1
491	605	1
955	605	1
447	605	1
356	605	1
233	605	1
134	605	1
50	605	1
462	605	1
123	605	1
45	605	1
180	605	1
743	605	1
44	605	1
957	605	1
871	605	1
148	605	1
667	605	1
190	605	1
82	605	1
542	605	1
114	605	1
879	605	1
863	605	1
214	605	1
488	439	1
265	439	1
172	439	1
866	439	1
164	439	1
671	439	1
113	439	1
222	439	1
754	439	1
28	439	1
222	193	1
10	193	1
15	193	1
915	193	1
957	193	1
510	193	1
94	193	1
971	193	1
214	193	1
253	193	1
135	193	1
239	193	1
963	193	1
231	193	1
44	127	1
200	127	1
816	127	1
209	127	1
281	127	1
390	127	1
238	127	1
105	127	1
841	127	1
61	127	1
858	127	1
28	127	1
465	127	1
913	127	1
963	127	1
126	127	1
971	127	1
134	127	1
214	127	1
249	127	1
284	127	1
938	233	1
323	233	1
113	233	1
918	233	1
605	233	1
396	233	1
963	233	1
135	233	1
971	233	1
922	233	1
670	233	1
193	233	1
28	233	1
818	843	1
278	843	1
86	843	1
548	843	1
281	843	1
105	843	1
148	843	1
123	843	1
489	843	1
28	843	1
997	843	1
833	843	1
611	843	1
122	843	1
454	843	1
29	843	1
134	843	1
956	843	1
963	843	1
44	843	1
871	843	1
560	843	1
214	843	1
294	843	1
224	843	1
971	843	1
367	843	1
855	843	1
25	843	1
284	843	1
238	843	1
570	843	1
172	112	1
776	112	1
585	112	1
266	112	1
44	112	1
458	112	1
973	112	1
143	112	1
959	112	1
344	112	1
916	112	1
394	112	1
352	112	1
260	112	1
646	112	1
803	112	1
963	112	1
83	112	1
754	112	1
710	112	1
489	112	1
288	112	1
7	112	1
328	112	1
436	112	1
103	112	1
69	112	1
303	112	1
921	112	1
548	112	1
276	112	1
169	933	1
135	933	1
841	933	1
613	933	1
449	933	1
963	933	1
105	933	1
83	933	1
971	933	1
193	933	1
233	328	1
105	328	1
918	328	1
214	328	1
222	611	1
102	611	1
49	611	1
963	611	1
105	611	1
489	611	1
839	611	1
164	611	1
394	611	1
570	611	1
38	957	1
971	957	1
191	957	1
449	957	1
938	957	1
323	957	1
581	957	1
82	957	1
874	957	1
224	957	1
80	957	1
222	957	1
86	957	1
113	957	1
204	957	1
59	957	1
402	957	1
61	957	1
118	957	1
519	957	1
841	957	1
394	957	1
447	957	1
171	957	1
653	957	1
211	957	1
445	957	1
273	957	1
296	957	1
193	957	1
356	957	1
44	957	1
114	957	1
134	957	1
623	957	1
918	957	1
86	169	1
265	169	1
191	169	1
841	169	1
548	169	1
29	169	1
938	169	1
62	169	1
328	169	1
164	169	1
126	169	1
971	169	1
83	169	1
298	169	1
41	169	1
963	169	1
61	169	1
491	169	1
613	169	1
398	169	1
494	169	1
449	169	1
582	169	1
69	169	1
339	169	1
105	169	1
670	169	1
454	169	1
407	169	1
884	169	1
837	284	1
866	284	1
69	284	1
14	284	1
613	284	1
41	284	1
303	284	1
491	284	1
754	284	1
77	367	1
997	367	1
94	367	1
340	367	1
611	367	1
445	367	1
575	367	1
136	367	1
841	367	1
911	367	1
607	367	1
409	367	1
45	367	1
536	367	1
145	367	1
984	367	1
223	367	1
915	367	1
61	367	1
971	367	1
454	367	1
831	367	1
224	367	1
878	367	1
10	367	1
182	367	1
452	367	1
296	367	1
255	367	1
281	367	1
710	367	1
29	367	1
123	367	1
974	367	1
859	367	1
858	367	1
507	367	1
465	367	1
554	367	1
122	367	1
125	367	1
561	367	1
140	367	1
121	367	1
390	367	1
494	367	1
133	367	1
126	367	1
211	367	1
166	367	1
134	367	1
130	367	1
668	367	1
414	367	1
456	367	1
186	367	1
803	367	1
294	367	1
730	367	1
371	906	1
158	906	1
605	906	1
214	906	1
59	906	1
29	272	1
324	272	1
194	272	1
884	272	1
28	272	1
265	272	1
307	272	1
15	272	1
488	272	1
803	272	1
342	272	1
170	272	1
290	272	1
164	272	1
249	272	1
355	272	1
377	272	1
197	272	1
733	272	1
124	272	1
44	272	1
123	272	1
803	307	1
394	307	1
68	307	1
872	307	1
224	307	1
206	307	1
589	307	1
28	307	1
431	307	1
324	307	1
15	307	1
29	307	1
158	307	1
879	307	1
407	307	1
128	307	1
170	307	1
840	307	1
829	307	1
62	307	1
114	307	1
548	307	1
103	307	1
197	307	1
268	307	1
281	307	1
90	444	1
803	444	1
820	444	1
959	444	1
871	444	1
460	444	1
571	444	1
355	444	1
80	444	1
224	444	1
646	444	1
28	444	1
265	444	1
841	444	1
307	444	1
573	444	1
519	444	1
354	444	1
15	444	1
744	444	1
349	444	1
197	444	1
94	444	1
83	444	1
114	444	1
353	444	1
658	444	1
105	444	1
121	444	1
465	444	1
390	444	1
365	444	1
323	670	1
841	670	1
162	670	1
230	670	1
224	670	1
971	670	1
328	670	1
253	670	1
136	670	1
356	670	1
569	670	1
28	670	1
607	670	1
546	670	1
445	670	1
454	670	1
733	670	1
186	670	1
166	670	1
170	670	1
61	670	1
324	670	1
820	434	1
124	434	1
359	434	1
28	434	1
83	434	1
249	434	1
307	434	1
224	434	1
447	434	1
214	434	1
710	434	1
573	434	1
61	434	1
342	434	1
827	434	1
281	434	1
803	434	1
291	434	1
290	434	1
126	434	1
370	434	1
260	434	1
737	434	1
255	434	1
637	434	1
133	434	1
530	434	1
445	434	1
447	282	1
826	282	1
570	282	1
356	282	1
737	282	1
373	282	1
820	282	1
264	282	1
265	282	1
325	282	1
90	282	1
963	282	1
355	282	1
349	282	1
80	282	1
494	282	1
803	282	1
19	282	1
390	282	1
50	282	1
61	282	1
197	282	1
103	282	1
429	282	1
641	282	1
977	282	1
823	282	1
232	282	1
124	282	1
803	339	1
841	339	1
224	339	1
641	339	1
407	339	1
307	339	1
820	339	1
377	339	1
356	339	1
464	339	1
355	339	1
61	339	1
313	339	1
197	339	1
585	339	1
15	339	1
375	339	1
204	339	1
879	339	1
827	339	1
38	407	1
589	407	1
841	407	1
803	407	1
265	407	1
359	407	1
871	407	1
28	407	1
128	407	1
127	407	1
325	407	1
339	407	1
349	407	1
191	407	1
307	407	1
959	407	1
370	407	1
608	407	1
83	407	1
444	407	1
171	407	1
915	407	1
922	407	1
569	407	1
971	407	1
977	407	1
462	407	1
646	407	1
823	407	1
353	407	1
298	407	1
124	573	1
253	573	1
61	573	1
365	573	1
637	573	1
28	573	1
803	573	1
377	573	1
356	573	1
871	573	1
206	573	1
128	573	1
224	573	1
783	573	1
388	573	1
76	573	1
194	573	1
158	573	1
32	573	1
44	573	1
102	573	1
150	573	1
198	573	1
191	573	1
186	573	1
69	573	1
379	573	1
546	573	1
772	573	1
126	573	1
164	573	1
281	573	1
121	573	1
859	573	1
598	573	1
133	573	1
827	573	1
123	573	1
585	573	1
125	573	1
224	157	1
445	157	1
172	157	1
971	157	1
841	157	1
12	157	1
307	157	1
409	157	1
75	157	1
602	157	1
191	157	1
7	157	1
546	157	1
230	157	1
214	157	1
66	157	1
133	157	1
126	157	1
281	157	1
803	157	1
737	157	1
840	884	1
191	884	1
186	884	1
182	884	1
28	884	1
307	884	1
268	884	1
249	884	1
963	884	1
197	884	1
15	884	1
14	884	1
585	884	1
253	884	1
162	884	1
342	884	1
133	884	1
371	884	1
135	884	1
158	884	1
971	884	1
68	884	1
613	884	1
214	884	1
252	884	1
407	884	1
272	884	1
29	884	1
294	884	1
281	884	1
570	494	1
884	494	1
841	494	1
981	494	1
328	494	1
971	494	1
871	494	1
83	494	1
186	494	1
86	494	1
68	494	1
879	494	1
363	494	1
171	494	1
300	494	1
685	494	1
222	494	1
274	494	1
409	494	1
520	494	1
32	494	1
191	494	1
803	494	1
436	494	1
288	494	1
214	494	1
526	494	1
225	494	1
50	494	1
150	494	1
87	494	1
458	494	1
820	494	1
874	494	1
922	494	1
164	494	1
916	494	1
155	494	1
180	494	1
585	494	1
365	494	1
281	494	1
352	494	1
123	494	1
589	744	1
268	744	1
264	744	1
159	744	1
407	744	1
827	744	1
224	744	1
68	744	1
359	744	1
19	744	1
971	744	1
28	744	1
637	744	1
103	744	1
86	744	1
197	744	1
214	744	1
454	744	1
959	744	1
390	744	1
123	744	1
126	744	1
803	744	1
959	896	1
963	896	1
224	896	1
589	896	1
365	896	1
264	896	1
715	896	1
803	896	1
170	896	1
429	896	1
75	823	1
700	823	1
646	823	1
996	823	1
426	823	1
355	823	1
874	823	1
49	823	1
351	823	1
126	823	1
356	823	1
871	823	1
342	823	1
462	823	1
159	823	1
803	823	1
820	823	1
617	823	1
394	823	1
393	823	1
123	823	1
197	823	1
145	823	1
294	823	1
641	823	1
953	823	1
829	823	1
102	823	1
68	823	1
128	823	1
629	823	1
802	823	1
361	823	1
585	823	1
447	823	1
376	823	1
436	823	1
379	823	1
265	823	1
963	823	1
858	823	1
915	823	1
465	823	1
507	823	1
62	823	1
623	823	1
236	823	1
883	823	1
166	823	1
124	823	1
882	940	1
80	940	1
268	940	1
526	940	1
68	940	1
105	940	1
589	940	1
454	940	1
339	940	1
444	940	1
370	940	1
971	940	1
61	940	1
32	940	1
569	940	1
879	940	1
62	940	1
298	940	1
114	940	1
868	940	1
307	81	1
80	81	1
83	81	1
447	81	1
210	81	1
608	81	1
158	81	1
410	81	1
569	81	1
445	81	1
444	81	1
754	81	1
50	81	1
744	81	1
971	81	1
249	81	1
582	81	1
458	81	1
12	81	1
103	81	1
938	81	1
94	81	1
967	81	1
98	81	1
362	841	1
186	841	1
307	841	1
884	841	1
569	841	1
63	841	1
80	841	1
164	841	1
105	841	1
407	841	1
272	841	1
191	841	1
29	841	1
296	841	1
370	841	1
938	841	1
265	841	1
169	841	1
637	841	1
170	841	1
294	841	1
454	841	1
69	841	1
573	841	1
879	841	1
172	841	1
44	841	1
194	841	1
86	351	1
915	351	1
447	351	1
342	351	1
841	351	1
224	351	1
407	351	1
871	351	1
879	351	1
80	351	1
570	351	1
210	351	1
444	351	1
627	351	1
653	351	1
494	351	1
642	351	1
781	351	1
125	351	1
922	351	1
827	351	1
834	351	1
959	351	1
365	351	1
617	351	1
465	351	1
460	351	1
29	351	1
264	351	1
519	351	1
535	351	1
352	351	1
294	351	1
197	449	1
281	449	1
307	449	1
230	449	1
704	449	1
967	449	1
778	449	1
377	449	1
810	449	1
583	449	1
620	449	1
872	449	1
102	449	1
15	449	1
370	449	1
164	449	1
61	449	1
69	449	1
959	449	1
841	449	1
94	449	1
133	449	1
393	449	1
291	449	1
121	449	1
971	449	1
105	449	1
296	449	1
356	449	1
458	449	1
166	449	1
737	449	1
394	449	1
963	449	1
123	449	1
772	449	1
170	449	1
827	449	1
211	449	1
530	449	1
365	449	1
407	803	1
23	803	1
87	803	1
429	803	1
593	803	1
820	803	1
86	803	1
61	803	1
264	803	1
128	803	1
62	803	1
460	803	1
465	803	1
959	803	1
737	803	1
90	803	1
585	803	1
162	803	1
347	803	1
507	803	1
123	803	1
355	634	1
224	634	1
61	634	1
62	634	1
585	634	1
803	634	1
609	634	1
80	634	1
38	634	1
19	634	1
15	634	1
272	634	1
166	634	1
170	634	1
124	754	1
915	754	1
38	754	1
164	754	1
29	754	1
436	754	1
820	754	1
884	754	1
963	754	1
214	754	1
573	754	1
224	754	1
324	754	1
841	754	1
126	754	1
162	754	1
938	754	1
940	754	1
370	754	1
123	754	1
291	754	1
125	754	1
616	754	1
339	535	1
323	535	1
260	535	1
520	535	1
19	535	1
162	535	1
307	535	1
224	535	1
872	535	1
577	535	1
349	535	1
102	535	1
390	535	1
637	535	1
569	535	1
585	535	1
840	535	1
76	535	1
211	535	1
803	535	1
589	535	1
573	535	1
170	535	1
204	535	1
164	535	1
383	535	1
963	535	1
456	535	1
623	535	1
133	535	1
394	535	1
28	158	1
281	158	1
407	158	1
224	158	1
125	158	1
159	158	1
352	158	1
291	158	1
323	158	1
617	158	1
265	158	1
841	158	1
737	158	1
324	158	1
124	158	1
290	158	1
32	158	1
445	158	1
121	158	1
23	158	1
388	158	1
963	510	1
642	510	1
211	510	1
608	510	1
224	510	1
15	510	1
124	510	1
28	510	1
166	510	1
95	510	1
393	510	1
68	510	1
372	510	1
546	510	1
324	510	1
197	510	1
356	510	1
328	510	1
407	510	1
170	510	1
733	510	1
349	510	1
634	510	1
86	510	1
126	510	1
530	510	1
445	510	1
458	510	1
80	510	1
14	510	1
158	510	1
294	510	1
407	642	1
298	642	1
307	642	1
272	642	1
28	642	1
38	642	1
803	642	1
703	642	1
125	642	1
68	642	1
105	642	1
841	642	1
394	642	1
959	642	1
124	642	1
166	642	1
637	288	1
124	288	1
224	288	1
407	288	1
44	288	1
733	288	1
520	288	1
162	288	1
349	288	1
356	288	1
328	288	1
879	288	1
871	288	1
249	288	1
294	288	1
409	288	1
530	288	1
127	820	1
249	820	1
803	820	1
15	820	1
224	820	1
407	820	1
265	820	1
28	820	1
582	820	1
339	820	1
879	820	1
63	820	1
126	820	1
494	820	1
166	820	1
323	820	1
882	561	1
871	561	1
12	561	1
355	561	1
963	561	1
841	561	1
61	561	1
233	561	1
464	561	1
349	561	1
444	561	1
210	561	1
268	561	1
646	561	1
44	561	1
260	561	1
294	561	1
125	561	1
356	561	1
834	561	1
272	561	1
342	561	1
249	561	1
959	561	1
214	561	1
519	646	1
127	646	1
260	646	1
803	646	1
573	646	1
307	646	1
355	646	1
224	646	1
32	646	1
61	646	1
589	646	1
820	646	1
871	646	1
333	646	1
977	646	1
210	646	1
959	646	1
10	646	1
355	38	1
80	38	1
180	38	1
803	38	1
871	38	1
214	38	1
884	38	1
407	38	1
445	38	1
370	38	1
28	38	1
15	38	1
915	38	1
29	38	1
582	38	1
223	38	1
210	38	1
249	38	1
971	38	1
425	38	1
211	38	1
434	38	1
294	38	1
265	38	1
105	38	1
90	38	1
61	38	1
410	38	1
499	38	1
754	38	1
882	38	1
186	38	1
583	38	1
641	194	1
114	194	1
637	194	1
164	194	1
198	194	1
224	194	1
342	194	1
123	194	1
569	194	1
963	194	1
390	194	1
298	194	1
158	194	1
281	194	1
169	194	1
325	194	1
62	194	1
858	194	1
121	194	1
585	194	1
29	194	1
124	58	1
569	58	1
164	58	1
346	58	1
488	58	1
703	58	1
815	58	1
38	58	1
573	58	1
826	58	1
359	58	1
426	58	1
871	58	1
108	58	1
103	58	1
290	58	1
29	58	1
956	58	1
197	58	1
938	58	1
596	58	1
530	58	1
98	58	1
114	58	1
125	58	1
126	58	1
324	58	1
83	58	1
133	58	1
323	58	1
294	58	1
827	58	1
333	58	1
150	58	1
915	58	1
166	58	1
211	58	1
507	58	1
291	58	1
281	58	1
820	58	1
123	58	1
616	58	1
445	58	1
393	58	1
841	554	1
307	554	1
75	554	1
394	554	1
971	554	1
206	554	1
80	554	1
214	554	1
164	554	1
342	554	1
182	554	1
916	554	1
653	554	1
546	554	1
123	554	1
191	554	1
915	554	1
390	554	1
376	554	1
94	454	1
820	454	1
69	454	1
971	454	1
75	454	1
83	454	1
159	454	1
407	454	1
324	454	1
307	454	1
249	454	1
127	454	1
342	454	1
281	454	1
394	454	1
164	454	1
123	454	1
133	454	1
376	454	1
121	454	1
445	454	1
12	454	1
390	454	1
135	454	1
19	371	1
41	371	1
197	371	1
328	371	1
303	371	1
172	371	1
959	371	1
281	371	1
166	371	1
447	371	1
916	371	1
75	307	1
260	307	1
298	307	1
827	307	1
436	307	1
458	307	1
570	307	1
328	193	1
959	193	1
62	193	1
637	193	1
394	193	1
164	193	1
133	193	1
324	193	1
105	193	1
281	193	1
837	193	1
28	193	1
86	193	1
840	193	1
186	193	1
249	193	1
281	233	1
288	233	1
164	233	1
445	233	1
233	233	1
303	573	1
582	573	1
841	573	1
222	573	1
390	573	1
170	573	1
570	573	1
86	573	1
23	573	1
105	573	1
291	573	1
623	573	1
608	573	1
323	573	1
346	573	1
884	296	1
62	296	1
253	296	1
164	296	1
12	296	1
281	296	1
29	296	1
291	296	1
133	296	1
121	296	1
303	296	1
325	296	1
83	296	1
640	198	1
381	198	1
162	198	1
122	198	1
526	198	1
159	198	1
831	198	1
264	198	1
388	198	1
80	198	1
333	198	1
125	198	1
938	198	1
286	198	1
69	198	1
86	198	1
303	198	1
859	198	1
121	198	1
166	198	1
596	198	1
124	198	1
281	198	1
871	198	1
83	198	1
214	198	1
105	198	1
325	198	1
323	198	1
29	198	1
390	198	1
599	198	1
840	198	1
454	198	1
180	198	1
393	198	1
466	198	1
211	198	1
871	447	1
409	447	1
212	447	1
447	447	1
820	447	1
426	447	1
421	447	1
123	447	1
915	447	1
827	447	1
586	447	1
204	447	1
125	447	1
166	447	1
477	447	1
823	447	1
197	447	1
102	447	1
223	224	1
355	224	1
260	224	1
963	224	1
803	224	1
394	224	1
303	224	1
582	224	1
454	224	1
324	224	1
390	224	1
810	224	1
971	224	1
616	224	1
570	36	1
164	36	1
162	36	1
206	36	1
307	36	1
124	36	1
281	36	1
80	36	1
431	36	1
637	36	1
63	36	1
569	36	1
298	83	1
394	83	1
971	83	1
281	83	1
397	381	1
582	381	1
103	381	1
488	381	1
421	381	1
583	381	1
520	381	1
191	381	1
94	381	1
286	381	1
352	381	1
294	381	1
519	381	1
223	381	1
445	381	1
820	381	1
365	381	1
915	381	1
231	381	1
447	381	1
393	381	1
182	381	1
164	381	1
49	381	1
124	381	1
281	381	1
971	381	1
840	381	1
569	381	1
589	381	1
303	381	1
599	381	1
62	381	1
356	381	1
526	381	1
598	381	1
803	381	1
15	381	1
86	381	1
197	381	1
637	381	1
646	381	1
570	381	1
194	381	1
409	381	1
264	381	1
212	381	1
489	381	1
449	381	1
353	381	1
623	381	1
28	381	1
431	381	1
333	381	1
859	381	1
170	381	1
573	381	1
342	381	1
105	381	1
145	381	1
180	381	1
996	381	1
159	381	1
139	381	1
76	381	1
620	381	1
273	381	1
414	381	1
80	381	1
83	381	1
837	381	1
298	381	1
641	290	1
884	290	1
264	290	1
172	290	1
613	290	1
136	290	1
328	290	1
3	290	1
62	290	1
916	290	1
986	290	1
121	290	1
123	290	1
288	290	1
128	290	1
166	290	1
303	290	1
623	290	1
959	290	1
159	290	1
953	290	1
671	290	1
893	290	1
28	122	1
291	122	1
125	122	1
268	122	1
86	122	1
959	122	1
436	122	1
307	12	1
642	12	1
871	12	1
454	12	1
164	12	1
133	12	1
68	12	1
303	555	1
12	555	1
214	555	1
182	555	1
63	555	1
349	555	1
342	555	1
206	555	1
918	555	1
38	555	1
617	555	1
62	555	1
640	555	1
616	555	1
162	555	1
359	555	1
352	555	1
281	555	1
264	555	1
164	555	1
598	555	1
268	555	1
963	555	1
585	555	1
249	555	1
204	555	1
186	555	1
135	555	1
133	555	1
14	555	1
971	555	1
68	555	1
653	555	1
409	555	1
28	555	1
172	555	1
488	555	1
613	555	1
29	555	1
376	555	1
608	555	1
128	555	1
180	555	1
959	555	1
80	284	1
298	284	1
172	284	1
875	327	1
450	327	1
356	327	1
637	327	1
338	327	1
820	327	1
23	327	1
303	327	1
963	327	1
507	327	1
44	327	1
80	327	1
803	327	1
494	327	1
62	327	1
166	327	1
370	327	1
159	327	1
585	327	1
858	327	1
102	327	1
884	172	1
124	172	1
370	172	1
28	172	1
164	172	1
963	172	1
89	172	1
303	172	1
841	172	1
938	172	1
157	172	1
507	172	1
394	172	1
281	172	1
918	172	1
224	172	1
642	172	1
83	172	1
431	172	1
133	172	1
61	172	1
858	172	1
671	172	1
971	172	1
355	377	1
703	377	1
44	377	1
210	377	1
963	377	1
349	377	1
879	377	1
582	377	1
75	377	1
837	377	1
429	377	1
294	377	1
355	618	1
582	618	1
871	618	1
102	618	1
911	618	1
868	618	1
181	618	1
874	618	1
214	618	1
159	618	1
260	618	1
896	618	1
268	618	1
418	618	1
407	90	1
86	90	1
355	90	1
272	90	1
265	90	1
637	90	1
63	90	1
307	90	1
353	90	1
820	90	1
124	90	1
225	90	1
94	356	1
272	356	1
224	356	1
353	356	1
431	356	1
68	356	1
61	356	1
50	356	1
191	356	1
62	356	1
488	356	1
349	356	1
125	356	1
469	356	1
29	356	1
858	356	1
589	356	1
225	356	1
337	356	1
214	570	1
122	570	1
264	570	1
617	570	1
68	570	1
86	570	1
915	570	1
265	570	1
19	570	1
507	570	1
224	570	1
350	570	1
641	570	1
126	570	1
260	570	1
810	570	1
617	155	1
641	155	1
122	155	1
75	155	1
125	155	1
456	155	1
103	155	1
843	155	1
303	155	1
915	964	1
407	964	1
641	964	1
589	964	1
265	964	1
44	964	1
350	964	1
75	964	1
859	964	1
122	964	1
414	964	1
353	964	1
86	873	1
871	873	1
464	873	1
963	873	1
915	873	1
582	873	1
180	873	1
233	873	1
103	873	1
260	873	1
15	873	1
264	873	1
874	873	1
353	873	1
19	873	1
191	873	1
44	873	1
349	873	1
121	873	1
89	873	1
390	873	1
879	397	1
447	397	1
963	397	1
582	397	1
126	397	1
460	397	1
542	397	1
268	397	1
355	963	1
447	963	1
68	963	1
75	963	1
342	963	1
122	963	1
44	963	1
197	963	1
617	963	1
860	963	1
827	963	1
935	963	1
450	963	1
294	963	1
623	963	1
772	963	1
447	879	1
355	879	1
915	879	1
641	879	1
353	879	1
963	879	1
159	879	1
871	879	1
458	879	1
125	879	1
103	879	1
810	879	1
197	879	1
460	879	1
519	879	1
75	879	1
596	879	1
268	879	1
858	879	1
38	298	1
871	298	1
589	298	1
273	298	1
200	298	1
298	298	1
61	298	1
582	298	1
703	298	1
810	298	1
826	298	1
197	298	1
879	298	1
103	298	1
217	143	1
224	143	1
265	143	1
260	143	1
62	143	1
687	143	1
359	143	1
977	143	1
225	143	1
128	143	1
820	143	1
377	143	1
429	143	1
963	143	1
80	143	1
959	143	1
303	143	1
858	143	1
469	143	1
709	143	1
38	180	1
915	180	1
214	180	1
641	180	1
356	180	1
355	180	1
342	180	1
122	180	1
298	180	1
68	180	1
307	180	1
32	180	1
429	180	1
44	180	1
23	180	1
871	180	1
197	180	1
282	180	1
447	421	1
44	421	1
298	421	1
15	421	1
224	421	1
617	421	1
733	421	1
260	421	1
860	421	1
272	421	1
224	715	1
356	715	1
217	715	1
355	715	1
353	715	1
530	715	1
963	715	1
935	715	1
431	715	1
473	715	1
260	715	1
390	715	1
868	715	1
313	715	1
542	715	1
80	715	1
191	715	1
352	715	1
307	715	1
126	715	1
62	715	1
110	715	1
197	715	1
44	715	1
124	894	1
303	894	1
350	894	1
342	894	1
353	894	1
204	894	1
63	894	1
62	894	1
447	894	1
703	894	1
874	894	1
893	894	1
80	894	1
592	894	1
570	894	1
959	894	1
159	894	1
465	894	1
38	894	1
860	894	1
38	842	1
186	842	1
75	842	1
915	842	1
68	842	1
265	842	1
224	842	1
32	842	1
268	842	1
390	842	1
325	842	1
191	842	1
582	842	1
260	842	1
355	19	1
208	19	1
214	19	1
827	19	1
873	19	1
268	19	1
871	19	1
32	19	1
915	19	1
582	19	1
61	19	1
15	19	1
911	19	1
868	19	1
350	19	1
641	251	1
355	251	1
353	251	1
922	251	1
68	251	1
126	251	1
596	251	1
342	526	1
298	526	1
447	526	1
915	526	1
353	526	1
837	526	1
224	526	1
458	526	1
15	526	1
414	526	1
29	526	1
124	526	1
676	526	1
294	526	1
197	526	1
464	526	1
62	526	1
66	526	1
208	526	1
488	526	1
214	526	1
204	526	1
860	526	1
355	381	1
351	381	1
703	381	1
68	381	1
458	381	1
871	381	1
641	381	1
186	381	1
224	381	1
547	381	1
265	381	1
378	381	1
911	381	1
783	381	1
873	381	1
38	381	1
255	381	1
375	381	1
349	381	1
251	381	1
561	381	1
318	381	1
282	381	1
347	381	1
214	381	1
122	381	1
204	381	1
860	381	1
770	381	1
272	381	1
450	381	1
307	381	1
469	381	1
456	381	1
616	381	1
596	381	1
392	381	1
355	260	1
15	260	1
265	260	1
186	260	1
68	260	1
353	260	1
911	260	1
249	260	1
450	260	1
860	260	1
596	260	1
355	191	1
915	191	1
447	191	1
641	191	1
353	191	1
122	191	1
298	191	1
204	191	1
19	191	1
224	191	1
44	191	1
873	191	1
394	191	1
703	191	1
629	191	1
126	191	1
62	191	1
570	191	1
608	191	1
858	66	1
470	66	1
372	66	1
488	66	1
838	66	1
823	66	1
871	66	1
303	66	1
542	66	1
703	66	1
616	66	1
22	66	1
126	66	1
102	66	1
122	66	1
125	66	1
582	66	1
859	66	1
200	429	1
90	429	1
353	429	1
915	429	1
298	429	1
61	429	1
582	429	1
180	429	1
350	429	1
448	429	1
150	429	1
623	429	1
394	429	1
450	429	1
390	429	1
260	733	1
90	733	1
204	733	1
159	733	1
450	733	1
582	733	1
15	733	1
251	733	1
214	733	1
382	733	1
260	103	1
871	103	1
75	103	1
102	103	1
355	103	1
44	103	1
214	103	1
204	103	1
429	103	1
352	103	1
582	103	1
224	69	1
589	69	1
68	69	1
342	69	1
264	69	1
350	69	1
217	69	1
19	69	1
303	69	1
265	69	1
349	69	1
407	69	1
66	69	1
755	69	1
356	69	1
355	69	1
963	69	1
122	69	1
803	69	1
80	69	1
260	69	1
458	69	1
820	69	1
12	69	1
170	69	1
858	69	1
62	69	1
223	11	1
582	11	1
542	11	1
873	11	1
562	11	1
333	11	1
224	977	1
356	977	1
22	977	1
608	977	1
29	977	1
374	977	1
12	977	1
378	977	1
848	977	1
15	977	1
116	977	1
260	977	1
915	977	1
126	977	1
820	977	1
170	977	1
236	977	1
860	977	1
585	977	1
288	977	1
62	977	1
298	977	1
469	977	1
125	977	1
393	977	1
431	977	1
859	977	1
629	860	1
15	860	1
272	860	1
197	860	1
307	860	1
342	860	1
783	860	1
426	860	1
103	860	1
186	860	1
582	860	1
551	860	1
75	860	1
282	860	1
450	860	1
159	860	1
772	860	1
462	860	1
44	860	1
126	860	1
873	860	1
922	860	1
697	860	1
32	860	1
418	860	1
265	230	1
582	230	1
194	230	1
353	230	1
200	230	1
307	230	1
700	230	1
365	230	1
224	230	1
356	230	1
126	230	1
124	230	1
407	61	1
103	61	1
260	61	1
915	61	1
237	61	1
19	61	1
378	61	1
570	61	1
75	61	1
208	61	1
150	61	1
349	61	1
427	61	1
214	61	1
282	61	1
460	61	1
264	61	1
197	61	1
353	272	1
755	272	1
204	272	1
365	272	1
286	272	1
126	272	1
260	272	1
827	272	1
214	272	1
121	272	1
874	272	1
61	272	1
212	272	1
466	272	1
860	272	1
957	272	1
394	120	1
15	120	1
180	120	1
703	732	1
38	732	1
264	732	1
871	732	1
815	732	1
582	732	1
996	732	1
12	732	1
373	732	1
61	732	1
846	732	1
673	732	1
282	732	1
89	732	1
427	732	1
260	732	1
827	732	1
458	732	1
477	732	1
963	732	1
204	732	1
418	732	1
859	732	1
333	732	1
236	732	1
915	732	1
596	732	1
68	732	1
585	732	1
281	732	1
294	732	1
911	732	1
823	732	1
753	732	1
150	732	1
159	732	1
91	732	1
803	570	1
268	570	1
204	570	1
827	570	1
303	570	1
318	570	1
91	570	1
204	282	1
911	282	1
121	282	1
68	282	1
212	282	1
303	282	1
705	282	1
772	282	1
75	407	1
427	407	1
582	407	1
126	407	1
23	407	1
144	407	1
103	407	1
874	407	1
281	407	1
592	407	1
342	407	1
121	407	1
623	407	1
347	407	1
122	407	1
810	407	1
313	823	1
19	823	1
44	823	1
547	823	1
651	823	1
150	823	1
87	823	1
204	823	1
827	823	1
965	823	1
922	823	1
837	823	1
959	823	1
76	823	1
596	823	1
643	823	1
186	823	1
598	823	1
121	823	1
86	823	1
133	823	1
458	823	1
873	823	1
354	803	1
394	803	1
469	803	1
249	803	1
125	803	1
827	803	1
303	803	1
642	803	1
260	803	1
49	447	1
703	447	1
911	447	1
460	447	1
89	447	1
953	447	1
527	447	1
837	447	1
281	447	1
420	447	1
596	447	1
469	447	1
268	447	1
91	447	1
298	447	1
303	447	1
122	447	1
873	447	1
460	634	1
90	634	1
447	634	1
911	634	1
350	634	1
233	634	1
282	634	1
194	634	1
260	634	1
204	634	1
827	634	1
429	634	1
837	634	1
860	634	1
303	634	1
121	224	1
447	224	1
282	224	1
965	381	1
200	381	1
753	381	1
335	381	1
653	381	1
963	381	1
191	264	1
68	264	1
124	264	1
114	264	1
582	264	1
298	264	1
38	264	1
356	264	1
570	264	1
125	264	1
29	264	1
126	264	1
488	264	1
562	264	1
349	264	1
265	264	1
62	264	1
15	264	1
935	264	1
783	264	1
963	264	1
858	264	1
585	264	1
837	264	1
641	264	1
303	264	1
61	122	1
871	122	1
353	122	1
922	122	1
963	122	1
94	122	1
842	122	1
641	122	1
858	122	1
103	122	1
303	122	1
342	986	1
298	986	1
126	986	1
355	986	1
90	986	1
759	986	1
303	986	1
623	986	1
61	986	1
62	986	1
170	986	1
398	986	1
356	986	1
29	986	1
224	942	1
447	942	1
915	942	1
776	942	1
426	942	1
212	942	1
89	942	1
298	942	1
427	942	1
616	942	1
211	942	1
268	230	1
915	230	1
394	230	1
460	230	1
589	230	1
121	230	1
827	230	1
447	230	1
352	230	1
38	106	1
875	106	1
260	106	1
519	106	1
268	106	1
355	106	1
827	106	1
75	106	1
15	106	1
342	106	1
191	106	1
770	106	1
783	106	1
653	106	1
68	106	1
618	106	1
89	106	1
347	106	1
390	106	1
871	106	1
273	106	1
106	106	1
264	58	1
214	58	1
874	58	1
372	58	1
623	58	1
965	58	1
963	58	1
477	58	1
859	58	1
827	315	1
641	315	1
868	315	1
260	315	1
915	315	1
204	315	1
19	315	1
214	315	1
352	315	1
44	315	1
424	315	1
582	315	1
318	315	1
350	315	1
394	315	1
126	315	1
874	315	1
236	315	1
237	315	1
986	585	1
871	585	1
393	585	1
355	585	1
75	585	1
214	585	1
251	462	1
890	462	1
527	462	1
92	462	1
390	462	1
810	462	1
349	462	1
87	462	1
875	462	1
530	462	1
562	292	1
589	292	1
390	292	1
641	292	1
68	292	1
394	292	1
527	292	1
349	292	1
273	292	1
150	292	1
908	292	1
827	720	1
349	720	1
75	720	1
911	720	1
103	720	1
721	720	1
355	720	1
770	720	1
223	720	1
217	720	1
582	720	1
641	303	1
68	303	1
571	303	1
427	303	1
61	303	1
586	303	1
942	303	1
570	303	1
843	303	1
197	303	1
318	303	1
294	303	1
458	303	1
335	303	1
349	303	1
823	303	1
418	303	1
375	303	1
204	303	1
382	303	1
286	303	1
859	303	1
641	759	1
204	759	1
589	759	1
488	759	1
97	759	1
758	759	1
760	759	1
44	428	1
86	428	1
915	428	1
875	428	1
527	428	1
737	428	1
562	428	1
208	428	1
609	428	1
75	428	1
63	428	1
589	50	1
827	50	1
758	50	1
75	50	1
641	50	1
208	50	1
291	50	1
372	50	1
312	50	1
197	50	1
23	50	1
530	50	1
49	352	1
63	352	1
378	352	1
641	352	1
350	352	1
349	352	1
303	352	1
86	352	1
875	352	1
294	352	1
208	352	1
427	352	1
458	352	1
240	352	1
843	352	1
273	352	1
653	922	1
589	922	1
273	922	1
527	922	1
355	922	1
150	922	1
986	922	1
582	922	1
973	995	1
770	995	1
996	995	1
527	995	1
641	995	1
582	995	1
350	995	1
458	995	1
315	995	1
375	995	1
68	995	1
922	995	1
365	893	1
121	893	1
935	893	1
475	893	1
871	893	1
458	893	1
260	893	1
482	893	1
291	893	1
359	893	1
214	893	1
874	893	1
823	893	1
827	893	1
420	348	1
349	348	1
538	348	1
350	348	1
996	348	1
197	348	1
61	318	1
827	318	1
68	318	1
922	318	1
589	318	1
204	318	1
75	318	1
223	318	1
303	318	1
32	318	1
197	318	1
86	882	1
355	882	1
827	882	1
75	882	1
303	882	1
641	882	1
911	882	1
214	882	1
273	882	1
922	882	1
86	945	1
350	945	1
12	945	1
538	945	1
427	945	1
869	945	1
758	945	1
458	945	1
247	945	1
349	945	1
427	355	1
393	355	1
214	355	1
392	355	1
349	355	1
753	355	1
942	355	1
352	355	1
44	527	1
208	527	1
364	527	1
102	527	1
499	527	1
212	527	1
456	364	1
350	364	1
653	364	1
255	364	1
178	364	1
488	364	1
414	364	1
106	364	1
12	364	1
778	364	1
764	364	1
875	364	1
197	364	1
380	364	1
458	364	1
75	364	1
589	705	1
186	705	1
426	705	1
86	705	1
212	705	1
890	705	1
355	705	1
103	705	1
527	705	1
582	705	1
447	705	1
86	380	1
589	380	1
349	380	1
641	380	1
167	380	1
350	380	1
456	380	1
875	380	1
827	204	1
488	204	1
63	204	1
156	204	1
178	204	1
589	204	1
355	204	1
214	204	1
582	204	1
197	204	1
427	91	1
827	91	1
355	91	1
641	91	1
589	91	1
758	91	1
995	91	1
273	91	1
350	91	1
922	91	1
44	883	1
427	883	1
281	883	1
225	883	1
585	883	1
126	883	1
197	883	1
810	883	1
589	266	1
827	266	1
973	266	1
349	266	1
826	266	1
126	266	1
303	266	1
641	266	1
197	266	1
915	266	1
623	266	1
472	266	1
596	266	1
427	641	1
758	641	1
364	641	1
372	641	1
86	641	1
349	641	1
197	641	1
764	557	1
868	557	1
89	557	1
255	557	1
87	557	1
488	557	1
75	557	1
364	557	1
320	557	1
488	392	1
427	392	1
682	392	1
75	392	1
186	392	1
212	392	1
364	392	1
350	392	1
868	392	1
380	392	1
32	392	1
349	392	1
102	392	1
843	392	1
519	392	1
660	392	1
291	676	1
414	676	1
827	676	1
208	676	1
770	676	1
350	676	1
278	676	1
527	676	1
76	676	1
86	973	1
63	973	1
589	973	1
350	973	1
420	973	1
214	973	1
186	973	1
350	262	1
75	262	1
208	262	1
527	262	1
458	262	1
758	262	1
214	262	1
589	262	1
475	262	1
538	262	1
197	262	1
341	262	1
392	262	1
414	262	1
827	211	1
214	211	1
973	211	1
915	211	1
68	211	1
874	211	1
875	211	1
953	211	1
530	211	1
394	211	1
827	338	1
106	338	1
589	338	1
86	338	1
837	338	1
92	338	1
352	338	1
268	338	1
590	338	1
502	338	1
251	338	1
208	338	1
394	338	1
758	338	1
68	338	1
582	338	1
103	375	1
361	375	1
770	375	1
89	375	1
953	375	1
23	375	1
826	375	1
350	375	1
788	375	1
810	375	1
460	375	1
827	375	1
373	375	1
460	420	1
758	420	1
759	420	1
364	420	1
392	420	1
350	420	1
102	420	1
448	420	1
823	420	1
475	448	1
352	448	1
460	448	1
538	448	1
848	448	1
530	448	1
609	448	1
418	94	1
996	94	1
273	94	1
50	94	1
582	94	1
466	94	1
378	94	1
473	94	1
247	441	1
827	441	1
641	441	1
582	441	1
15	441	1
349	441	1
86	166	1
12	166	1
273	166	1
262	166	1
44	166	1
407	166	1
61	166	1
582	166	1
223	166	1
32	166	1
393	166	1
303	166	1
350	166	1
986	687	1
414	687	1
349	687	1
106	687	1
447	915	1
63	915	1
223	915	1
86	915	1
527	915	1
942	915	1
75	915	1
44	915	1
281	915	1
268	915	1
418	915	1
204	915	1
458	915	1
427	208	1
86	208	1
582	208	1
915	208	1
392	208	1
223	208	1
303	208	1
527	967	1
68	967	1
260	967	1
44	967	1
126	967	1
460	424	1
236	424	1
653	424	1
871	424	1
641	424	1
315	424	1
407	424	1
335	424	1
214	424	1
89	424	1
75	424	1
349	424	1
390	424	1
303	424	1
420	424	1
488	424	1
827	378	1
75	378	1
414	378	1
355	378	1
86	378	1
407	378	1
846	378	1
273	378	1
609	378	1
214	378	1
530	378	1
44	378	1
456	378	1
120	378	1
197	378	1
393	378	1
827	737	1
875	737	1
458	737	1
197	737	1
350	63	1
641	63	1
589	63	1
204	63	1
758	63	1
44	63	1
106	63	1
86	63	1
952	63	1
473	63	1
355	365	1
268	365	1
102	365	1
407	365	1
871	365	1
260	365	1
294	365	1
527	365	1
214	365	1
91	365	1
61	365	1
703	365	1
352	365	1
318	365	1
827	365	1
223	365	1
392	365	1
217	365	1
859	365	1
208	365	1
460	868	1
359	868	1
582	868	1
303	868	1
197	868	1
414	315	1
89	315	1
262	315	1
986	315	1
764	315	1
268	315	1
401	315	1
466	315	1
414	352	1
721	352	1
758	352	1
945	352	1
592	352	1
859	352	1
291	352	1
460	823	1
778	823	1
237	823	1
530	823	1
98	823	1
184	823	1
453	823	1
281	823	1
527	823	1
615	823	1
466	823	1
867	823	1
815	823	1
490	823	1
827	940	1
911	940	1
623	447	1
97	447	1
759	447	1
44	318	1
338	355	1
965	355	1
996	224	1
827	224	1
273	278	1
837	278	1
589	278	1
150	278	1
204	278	1
488	278	1
953	278	1
827	278	1
764	278	1
758	278	1
582	278	1
166	278	1
23	98	1
627	98	1
826	98	1
373	98	1
394	98	1
350	98	1
867	98	1
530	98	1
214	98	1
843	98	1
204	98	1
590	98	1
347	98	1
823	98	1
128	98	1
488	98	1
700	98	1
167	98	1
372	98	1
538	98	1
255	98	1
294	98	1
911	98	1
32	260	1
737	260	1
589	260	1
837	260	1
281	260	1
197	260	1
23	260	1
268	260	1
592	260	1
390	260	1
102	260	1
350	986	1
89	986	1
214	986	1
281	986	1
341	986	1
641	942	1
436	942	1
392	942	1
86	942	1
91	942	1
585	942	1
63	942	1
352	942	1
350	942	1
102	942	1
589	942	1
394	942	1
801	942	1
126	942	1
349	942	1
128	942	1
106	942	1
888	942	1
490	942	1
986	942	1
770	942	1
335	942	1
815	942	1
355	942	1
488	942	1
441	942	1
251	942	1
242	942	1
291	942	1
373	942	1
592	942	1
167	942	1
123	942	1
294	942	1
538	942	1
499	942	1
178	942	1
268	942	1
810	942	1
255	942	1
359	942	1
460	942	1
315	942	1
177	942	1
313	942	1
121	942	1
237	942	1
393	942	1
281	942	1
623	942	1
214	942	1
596	942	1
86	106	1
380	106	1
475	106	1
350	106	1
242	106	1
291	106	1
589	106	1
103	106	1
212	106	1
44	106	1
426	106	1
167	106	1
986	106	1
582	106	1
424	106	1
225	106	1
178	106	1
204	106	1
996	106	1
837	106	1
394	106	1
410	106	1
214	106	1
382	106	1
588	106	1
527	378	1
208	378	1
589	378	1
788	378	1
291	378	1
562	378	1
242	378	1
126	378	1
827	61	1
810	61	1
91	61	1
418	61	1
393	61	1
571	61	1
589	827	1
394	827	1
758	827	1
801	827	1
89	827	1
420	827	1
75	827	1
349	827	1
68	827	1
212	827	1
837	827	1
788	827	1
859	827	1
538	827	1
150	827	1
488	827	1
103	827	1
922	827	1
407	827	1
63	827	1
19	827	1
61	827	1
460	827	1
223	827	1
965	827	1
460	372	1
653	372	1
184	372	1
641	372	1
352	372	1
826	372	1
718	372	1
965	372	1
197	372	1
527	372	1
167	350	1
86	350	1
32	350	1
426	350	1
98	350	1
294	350	1
823	350	1
211	350	1
44	350	1
758	865	1
850	865	1
499	865	1
911	865	1
470	414	1
209	414	1
998	414	1
44	414	1
49	414	1
653	414	1
89	414	1
394	414	1
86	273	1
582	273	1
75	273	1
349	273	1
778	273	1
466	273	1
128	273	1
810	590	1
372	590	1
410	590	1
49	590	1
826	590	1
517	590	1
414	235	1
519	235	1
98	235	1
837	197	1
291	197	1
126	197	1
86	197	1
59	197	1
32	197	1
911	197	1
372	197	1
349	427	1
826	427	1
998	427	1
116	427	1
32	427	1
470	427	1
186	427	1
126	427	1
350	998	1
237	998	1
44	998	1
394	998	1
212	609	1
186	349	1
353	349	1
178	349	1
167	349	1
517	349	1
179	349	1
89	571	1
401	571	1
540	571	1
589	571	1
49	571	1
379	571	1
911	571	1
150	571	1
394	571	1
770	3	1
44	3	1
458	846	1
44	846	1
167	846	1
470	425	1
623	425	1
865	425	1
758	425	1
394	425	1
427	425	1
44	425	1
823	425	1
23	425	1
181	425	1
255	631	1
150	631	1
372	631	1
320	631	1
998	126	1
460	126	1
538	126	1
349	126	1
394	126	1
106	126	1
49	126	1
826	126	1
167	126	1
352	589	1
427	589	1
473	589	1
350	589	1
197	589	1
167	589	1
888	589	1
294	456	1
641	456	1
394	456	1
75	456	1
596	456	1
965	456	1
167	875	1
588	875	1
911	875	1
184	875	1
350	875	1
472	875	1
998	875	1
410	875	1
538	875	1
211	875	1
106	875	1
291	704	1
167	704	1
197	704	1
998	704	1
458	704	1
911	704	1
50	704	1
372	704	1
589	291	1
490	291	1
44	291	1
538	291	1
197	291	1
641	291	1
547	291	1
778	291	1
770	150	1
911	150	1
86	145	1
184	145	1
178	145	1
547	145	1
197	145	1
911	145	1
641	145	1
867	145	1
32	783	1
470	783	1
98	783	1
320	783	1
49	783	1
44	783	1
701	312	1
167	312	1
144	312	1
98	312	1
350	312	1
291	336	1
167	336	1
953	336	1
212	336	1
641	336	1
687	336	1
472	336	1
75	336	1
89	336	1
996	336	1
458	336	1
965	336	1
49	336	1
128	336	1
827	837	1
460	837	1
758	837	1
212	837	1
211	837	1
470	645	1
718	645	1
331	645	1
98	645	1
361	645	1
394	645	1
44	645	1
538	97	1
827	97	1
996	97	1
50	97	1
32	320	1
331	320	1
98	320	1
453	588	1
98	588	1
935	588	1
350	588	1
209	588	1
609	588	1
86	588	1
128	588	1
470	718	1
875	718	1
353	718	1
320	718	1
427	540	1
197	540	1
867	540	1
126	562	1
935	562	1
98	562	1
32	562	1
44	562	1
538	401	1
167	401	1
320	401	1
184	179	1
87	179	1
128	179	1
490	499	1
197	499	1
466	499	1
237	499	1
167	499	1
788	499	1
212	499	1
126	499	1
167	381	1
225	381	1
320	381	1
490	381	1
320	32	1
401	32	1
470	32	1
453	32	1
49	32	1
623	32	1
590	32	1
875	32	1
437	32	1
44	32	1
653	32	1
436	32	1
382	32	1
294	32	1
197	473	1
150	473	1
75	473	1
44	473	1
394	473	1
126	473	1
44	22	1
538	22	1
911	22	1
589	22	1
911	472	1
63	850	1
464	850	1
589	850	1
98	850	1
106	850	1
350	850	1
460	86	1
589	86	1
538	86	1
458	86	1
197	86	1
167	86	1
540	86	1
998	86	1
460	538	1
49	538	1
86	538	1
470	538	1
470	547	1
911	547	1
867	547	1
44	547	1
394	547	1
331	547	1
350	547	1
50	547	1
353	547	1
379	547	1
106	547	1
998	547	1
823	547	1
538	760	1
86	760	1
911	760	1
291	760	1
49	464	1
420	464	1
128	464	1
582	464	1
770	464	1
12	464	1
460	464	1
911	464	1
23	484	1
197	484	1
76	484	1
303	484	1
392	484	1
427	484	1
32	484	1
75	484	1
350	484	1
15	484	1
589	701	1
49	701	1
911	701	1
641	701	1
75	701	1
126	701	1
517	225	1
89	225	1
49	225	1
44	225	1
547	225	1
810	225	1
320	225	1
776	225	1
641	255	1
401	255	1
320	255	1
965	255	1
460	255	1
167	653	1
350	653	1
671	653	1
353	186	1
49	186	1
998	186	1
414	470	1
460	470	1
89	470	1
32	470	1
186	470	1
394	470	1
255	470	1
538	470	1
75	592	1
996	592	1
758	592	1
50	592	1
86	592	1
350	592	1
414	102	1
44	102	1
167	102	1
425	102	1
846	102	1
718	102	1
86	102	1
350	102	1
32	237	1
150	237	1
394	237	1
212	237	1
86	237	1
517	44	1
470	44	1
320	44	1
453	44	1
32	49	1
167	49	1
116	49	1
776	49	1
255	49	1
350	49	1
427	49	1
86	49	1
517	49	1
911	49	1
464	49	1
353	350	1
394	350	1
352	350	1
86	571	1
212	571	1
437	823	1
394	336	1
401	336	1
470	336	1
44	336	1
653	336	1
517	336	1
623	336	1
998	336	1
458	329	1
758	329	1
197	329	1
801	883	1
380	883	1
372	883	1
557	883	1
758	883	1
212	883	1
204	883	1
184	471	1
331	144	1
312	144	1
911	144	1
320	144	1
97	144	1
953	144	1
645	144	1
225	144	1
770	144	1
875	144	1
823	144	1
998	144	1
273	144	1
89	758	1
458	758	1
427	758	1
212	758	1
758	758	1
212	86	1
588	86	1
653	86	1
592	420	1
212	420	1
352	441	1
268	441	1
436	441	1
102	986	1
212	986	1
420	166	1
49	327	1
150	327	1
394	327	1
602	942	1
448	942	1
704	942	1
837	942	1
382	942	1
764	942	1
470	106	1
538	106	1
810	106	1
379	106	1
373	106	1
184	106	1
965	106	1
380	58	1
106	58	1
810	58	1
373	58	1
212	58	1
382	58	1
44	721	1
353	721	1
490	721	1
49	721	1
89	721	1
875	721	1
225	721	1
394	721	1
87	721	1
86	721	1
197	721	1
458	721	1
350	721	1
150	721	1
240	721	1
837	721	1
589	721	1
582	827	1
92	827	1
517	776	1
627	776	1
453	776	1
320	776	1
225	776	1
98	867	1
911	867	1
530	867	1
810	671	1
392	671	1
394	671	1
394	242	1
589	242	1
379	242	1
274	242	1
653	242	1
209	242	1
517	242	1
911	242	1
593	242	1
453	242	1
953	242	1
823	242	1
788	242	1
382	379	1
209	374	1
660	374	1
588	764	1
32	764	1
810	764	1
372	764	1
530	764	1
588	781	1
32	781	1
911	178	1
589	178	1
437	178	1
214	178	1
32	410	1
589	410	1
442	410	1
331	198	1
150	198	1
235	198	1
209	198	1
530	198	1
582	198	1
890	198	1
858	198	1
437	198	1
373	810	1
382	810	1
98	810	1
788	810	1
530	810	1
359	810	1
519	810	1
547	810	1
373	382	1
286	382	1
98	382	1
589	15	1
374	15	1
810	331	1
826	331	1
776	331	1
911	331	1
110	331	1
519	655	1
826	655	1
374	655	1
911	655	1
660	655	1
872	655	1
911	517	1
810	517	1
291	517	1
427	232	1
810	232	1
530	232	1
209	519	1
437	519	1
392	519	1
530	519	1
98	209	1
872	209	1
826	209	1
547	888	1
98	888	1
810	888	1
372	888	1
87	888	1
394	888	1
32	623	1
286	623	1
353	623	1
589	623	1
394	453	1
911	453	1
32	453	1
374	453	1
331	582	1
582	582	1
519	582	1
320	593	1
589	593	1
32	593	1
911	593	1
98	593	1
517	593	1
953	593	1
519	242	1
437	242	1
374	242	1
779	242	1
286	242	1
98	242	1
23	242	1
382	242	1
593	823	1
517	823	1
781	823	1
590	336	1
996	965	1
453	965	1
517	965	1
291	965	1
788	965	1
810	392	1
437	392	1
517	144	1
98	144	1
442	144	1
372	144	1
204	144	1
911	437	1
517	701	1
437	701	1
530	225	1
517	721	1
530	826	1
181	872	1
996	872	1
373	872	1
823	872	1
953	872	1
373	59	1
530	242	1
826	242	1
530	373	1
530	73	1
23	996	1
530	996	1
826	357	1
823	110	1
826	274	1
98	247	1
209	247	1
911	23	1
530	23	1
674	23	1
286	23	1
373	23	1
826	23	1
660	23	1
823	23	1
181	436	1
826	436	1
823	436	1
209	631	1
110	774	1
788	774	1
651	774	1
23	774	1
286	450	1
779	450	1
826	530	1
660	530	1
