3	2	1
4	2	1
5	2	1
6	2	1
7	2	1
12	2	1
13	2	1
15	2	1
17	2	1
18	2	1
20	2	1
22	2	1
23	2	1
25	2	1
28	2	1
30	2	1
42	2	1
43	2	1
44	2	1
47	2	1
48	2	1
49	2	1
52	2	1
56	2	1
57	2	1
58	2	1
59	2	1
69	2	1
70	2	1
72	2	1
73	2	1
78	2	1
81	2	1
83	2	1
84	2	1
86	2	1
89	2	1
90	2	1
91	2	1
92	2	1
95	2	1
96	2	1
97	2	1
99	2	1
102	2	1
104	2	1
105	2	1
109	2	1
112	2	1
117	2	1
119	2	1
120	2	1
121	2	0
122	2	0
123	2	0
124	2	0
125	2	0
126	2	0
127	2	0
128	2	0
129	2	0
130	2	0
131	2	0
132	2	0
133	2	0
134	2	0
13	139	1
140	139	1
46	139	1
142	139	1
23	139	1
148	139	1
150	139	1
152	139	1
56	139	1
158	139	1
138	139	1
159	139	1
48	139	1
160	139	1
87	139	1
60	139	1
162	139	1
163	139	1
166	139	1
167	139	1
169	139	1
170	139	1
171	139	1
173	139	1
17	139	1
175	139	1
54	139	1
177	139	1
179	139	1
181	139	1
185	139	1
27	139	1
187	139	1
31	139	1
190	139	1
135	139	1
112	139	1
192	139	1
194	139	1
99	139	1
196	139	1
55	139	1
199	139	1
130	139	1
206	139	1
25	139	1
207	139	1
88	139	1
93	139	1
52	139	1
209	139	1
85	139	1
211	139	1
212	139	1
62	139	1
123	139	0
213	139	0
217	216	1
190	216	1
218	216	1
219	216	1
221	216	1
4	216	1
73	216	1
224	216	1
22	216	1
226	216	1
227	216	1
124	216	1
228	216	1
230	216	1
231	216	1
53	216	1
232	216	1
6	216	1
61	216	1
234	216	1
112	216	1
236	216	1
237	216	1
12	216	1
44	216	1
114	216	1
240	216	1
242	216	1
32	216	1
245	216	1
247	216	1
248	216	1
62	216	1
250	216	1
251	216	1
252	216	1
208	216	1
254	216	1
255	216	1
256	216	1
257	216	1
258	216	1
259	216	1
261	216	1
264	216	1
265	216	1
97	216	1
270	216	1
271	216	1
272	216	1
273	216	1
134	216	1
59	216	1
150	216	1
280	216	0
13	216	0
281	216	0
128	216	0
282	216	0
123	216	0
46	216	0
130	216	0
283	216	0
214	216	0
284	216	0
285	216	0
169	216	0
286	216	0
28	216	0
41	216	0
16	216	0
287	216	0
34	216	0
288	216	0
29	216	0
289	216	0
290	216	0
291	216	0
292	216	0
129	216	0
293	216	0
294	216	0
295	216	0
296	216	0
134	4	1
218	4	1
152	4	1
231	4	1
303	4	1
71	4	1
46	4	1
267	4	1
22	4	1
194	4	1
304	4	1
11	4	1
54	4	1
308	4	1
55	4	1
166	4	1
253	4	1
313	4	1
104	4	1
158	4	1
20	4	1
314	4	1
315	4	1
114	4	1
316	4	1
68	4	1
208	4	1
291	4	1
224	4	1
75	4	1
183	4	1
269	4	1
324	4	1
99	4	1
80	4	1
189	4	1
282	4	0
214	4	0
7	4	0
326	4	0
327	4	0
328	4	0
29	4	0
203	4	0
20	329	1
330	329	1
38	329	1
158	329	1
332	329	1
335	329	1
337	329	1
224	329	1
32	329	1
103	329	1
42	329	1
111	329	1
343	329	1
17	329	1
315	329	1
286	329	1
349	329	1
352	329	1
354	329	1
86	329	1
355	329	1
357	329	1
359	329	1
233	329	1
363	329	1
299	329	1
367	329	1
368	329	1
203	329	1
370	329	1
371	329	1
249	329	1
114	329	1
166	329	1
200	329	1
374	329	1
375	329	1
264	329	1
376	329	1
266	329	1
377	329	1
379	329	1
302	329	1
295	329	1
380	329	1
98	329	1
382	329	1
384	329	0
55	329	0
282	329	0
385	329	0
112	329	0
165	329	0
386	329	0
113	329	0
64	329	0
4	329	0
305	329	0
11	329	0
387	329	0
136	329	0
207	329	0
388	329	0
101	329	0
41	329	0
175	329	0
160	329	0
389	329	0
390	329	0
319	329	0
124	329	0
317	329	0
218	329	0
391	329	0
214	329	0
323	329	0
299	335	1
190	335	1
399	335	1
176	335	1
30	335	1
134	335	1
269	335	1
148	335	1
400	335	1
404	335	1
142	335	1
43	335	1
6	335	1
407	335	1
140	335	1
11	335	1
408	335	1
367	335	1
409	335	1
223	335	1
413	335	1
240	335	1
28	335	1
67	335	1
20	335	1
416	335	1
417	335	1
418	335	1
146	335	1
379	335	1
23	335	1
419	335	1
420	335	1
421	335	1
110	335	1
422	335	1
308	335	1
168	335	1
100	335	1
283	335	1
135	335	1
29	335	1
193	335	1
7	335	1
169	335	1
187	335	1
315	335	1
428	335	1
209	335	1
429	335	1
131	335	1
55	335	1
438	335	1
441	335	1
237	335	0
123	335	0
442	335	0
254	243	1
407	243	1
304	243	1
16	243	1
4	243	1
46	243	1
135	243	1
443	243	1
247	243	1
365	243	1
50	243	1
269	243	1
444	243	1
446	243	1
360	243	1
143	243	1
257	243	1
447	243	1
449	243	1
402	243	1
414	243	1
195	243	1
41	243	1
55	243	1
315	243	1
34	243	1
290	243	1
113	243	1
20	243	1
208	243	1
299	243	1
43	243	1
77	243	1
212	243	1
112	243	1
302	243	1
223	243	1
395	243	1
98	243	1
115	243	1
396	243	1
207	243	1
61	243	1
103	243	1
79	243	1
214	243	1
86	243	1
80	243	1
306	243	1
461	243	1
462	243	1
463	243	1
238	243	1
388	243	1
464	243	1
465	243	1
373	243	1
216	243	1
225	243	1
101	243	1
114	243	0
345	243	0
169	243	0
128	243	0
13	243	0
346	243	0
467	243	0
203	243	0
468	243	0
287	243	0
313	243	0
124	243	0
469	243	0
472	471	1
77	471	1
475	471	1
247	471	1
124	471	1
135	471	1
112	471	1
477	471	1
13	471	1
28	471	1
20	471	1
47	471	1
158	471	1
108	471	1
25	471	1
48	471	1
175	471	1
10	471	1
146	471	1
209	471	1
11	471	1
315	471	1
6	471	1
480	471	1
37	471	1
16	471	1
481	471	1
80	471	1
169	471	1
197	471	1
171	471	1
185	471	1
487	471	1
69	471	1
224	471	1
203	471	0
394	471	0
134	471	0
126	471	0
491	471	0
168	471	0
130	471	0
17	6	1
382	6	1
138	6	1
493	6	1
2	6	1
157	6	1
186	6	1
59	6	1
154	6	1
135	6	1
318	6	1
20	6	1
51	6	1
64	6	1
13	6	1
495	6	1
22	6	1
496	6	1
497	6	1
261	6	1
498	6	1
104	6	1
55	6	1
499	6	1
42	6	1
77	6	1
98	6	1
218	6	1
38	6	1
202	6	1
358	6	1
181	6	1
16	6	0
126	6	0
46	6	0
29	6	0
237	6	0
134	6	0
239	6	0
112	6	0
130	6	0
268	6	0
60	6	0
208	6	0
253	6	0
291	6	0
214	6	0
123	6	0
345	6	0
125	6	0
296	6	0
469	6	0
322	6	0
282	6	0
87	101	1
46	101	1
11	101	1
158	101	1
42	101	1
146	101	1
247	101	1
55	101	1
15	101	1
177	101	1
137	101	1
224	101	1
74	101	1
416	101	1
112	101	1
110	101	1
58	101	1
299	101	1
28	101	1
123	101	1
104	101	1
114	101	1
99	101	1
379	101	1
47	101	1
187	101	1
85	101	1
103	101	1
59	101	1
282	101	1
44	101	1
206	101	1
120	101	0
158	408	1
140	408	1
31	408	1
15	408	1
55	408	1
104	408	1
11	408	1
247	408	1
87	408	1
29	408	1
113	408	1
48	408	1
64	408	1
46	408	1
443	408	1
98	408	1
41	408	1
27	408	1
407	408	1
143	408	1
211	408	1
137	408	1
413	408	1
39	408	1
69	408	1
18	408	1
258	408	1
126	408	1
101	408	1
202	408	1
209	408	1
134	408	0
238	408	0
12	408	0
442	408	0
203	408	0
138	408	0
169	408	0
50	9	1
112	9	1
51	9	1
461	9	1
131	9	1
436	9	1
56	9	1
207	9	1
104	9	1
43	9	1
302	9	1
337	9	1
42	9	1
218	9	1
418	9	1
75	9	1
186	9	1
24	9	1
11	9	1
95	9	1
13	9	1
206	9	1
20	9	1
60	9	1
208	9	1
37	9	1
40	9	1
209	9	1
230	9	1
390	9	1
126	9	0
124	9	0
17	12	1
16	12	1
36	12	1
360	12	1
98	12	1
28	12	1
114	12	1
85	12	1
43	12	1
4	12	1
6	12	1
313	12	1
138	12	1
42	12	1
211	12	1
349	12	1
51	12	1
77	12	1
113	12	1
241	12	1
267	12	1
20	12	1
272	12	1
63	12	1
108	12	1
97	12	1
135	12	1
105	12	1
448	12	1
158	12	1
436	12	1
217	12	1
39	12	1
495	12	1
55	12	0
124	12	0
182	12	0
450	12	0
134	12	0
7	12	0
112	12	0
337	12	0
318	12	0
203	12	0
130	12	0
195	12	0
323	12	0
465	12	0
468	12	0
268	12	0
431	12	0
123	12	0
320	12	0
104	12	0
390	12	0
45	12	0
256	12	0
247	152	1
13	152	1
298	152	1
202	152	1
20	152	1
75	152	1
311	152	1
61	152	1
138	152	1
37	152	1
31	152	1
279	152	1
113	152	1
6	152	1
142	152	1
134	152	1
16	152	1
158	152	1
15	152	1
43	152	1
10	152	1
390	152	1
47	152	1
7	152	1
305	152	1
261	152	1
460	152	1
208	152	1
99	152	1
291	152	1
282	152	1
114	152	1
274	152	1
436	152	1
358	152	1
238	152	1
17	152	1
426	152	1
85	152	1
207	152	1
394	152	0
276	10	1
28	10	1
237	10	1
46	10	1
336	10	1
16	10	1
134	10	1
18	10	1
80	10	1
189	10	1
158	10	1
211	10	1
394	10	1
205	10	1
343	10	1
61	10	1
20	10	1
373	10	1
358	10	1
209	10	1
53	10	1
159	10	1
112	10	0
239	10	0
247	10	0
97	10	0
255	10	0
29	10	0
150	10	0
154	10	0
44	10	0
465	10	0
124	10	0
328	10	0
243	10	0
59	10	0
499	10	0
352	10	0
113	10	0
86	10	0
497	10	0
266	10	0
254	10	0
498	10	0
58	10	0
64	10	0
136	10	0
446	10	0
289	10	0
60	10	0
195	10	0
165	10	0
452	10	0
200	10	0
338	10	0
104	10	0
35	10	0
402	10	0
393	10	0
249	10	0
308	241	1
328	241	1
224	241	1
233	241	1
134	241	1
458	241	0
406	241	0
322	241	0
64	241	0
206	241	0
305	241	0
207	241	0
5	241	0
138	241	0
16	37	1
12	37	1
18	37	1
55	37	1
36	37	1
363	37	1
43	37	1
134	37	1
218	37	1
75	37	1
20	37	1
11	37	1
6	37	1
324	37	1
323	37	1
447	37	1
29	37	1
44	37	1
60	37	1
95	37	1
94	37	1
101	37	1
328	37	1
431	37	1
187	37	1
4	37	1
354	37	1
104	37	1
495	37	1
98	37	1
259	37	1
357	37	1
52	37	1
256	37	0
58	37	0
138	37	0
450	37	0
327	37	0
457	37	0
313	37	0
124	37	0
337	37	0
488	37	0
465	37	0
325	37	0
358	37	0
145	37	0
102	37	0
345	37	0
103	37	0
352	37	0
38	37	0
171	37	0
215	37	0
64	37	0
338	37	0
157	37	0
114	37	0
445	37	0
28	37	0
322	37	0
113	37	0
53	17	1
215	17	1
360	17	1
240	17	0
103	17	0
282	17	0
112	17	0
351	17	0
151	17	0
259	17	0
382	17	0
337	17	0
38	17	0
335	396	1
247	396	1
13	396	1
315	396	1
187	396	1
16	396	1
328	396	1
306	396	1
365	396	1
416	396	1
46	396	1
53	396	1
224	396	1
43	396	1
394	396	0
203	396	0
317	396	0
56	396	0
134	396	0
60	396	0
64	396	0
157	396	0
344	396	0
215	396	0
418	396	0
364	396	0
208	396	0
34	396	0
54	396	0
28	396	0
358	396	0
104	396	0
402	396	0
112	396	0
168	396	0
477	396	0
1	396	0
46	67	1
121	67	1
258	67	1
27	67	1
396	67	0
247	67	0
322	67	0
112	67	0
138	67	0
282	67	0
465	67	0
63	67	0
2	67	0
124	67	0
433	67	0
183	67	0
255	67	0
55	67	0
242	67	0
54	67	0
83	67	0
416	67	0
208	67	0
194	67	0
447	67	0
7	67	0
150	67	0
214	67	0
259	67	0
436	67	0
195	67	0
94	67	0
31	110	1
313	110	1
142	110	1
143	110	1
85	110	1
12	110	1
8	110	1
66	110	1
126	110	1
67	110	1
83	110	0
15	110	0
105	110	0
286	110	0
200	110	0
255	110	0
112	110	0
168	110	0
138	110	0
6	110	0
64	110	0
95	110	0
436	110	0
45	110	0
46	110	0
5	110	0
396	110	0
13	110	0
367	110	0
169	110	0
282	110	0
104	110	0
416	110	0
392	110	0
133	110	0
54	110	0
247	110	0
55	110	0
214	110	0
443	110	0
136	110	0
18	110	0
257	110	0
135	110	0
124	110	0
33	110	0
224	110	0
204	110	0
462	110	0
141	110	0
16	110	0
239	110	0
431	110	0
187	110	0
44	110	0
229	110	0
87	283	1
53	283	1
305	283	1
17	283	1
247	283	1
13	283	1
206	283	1
5	283	1
22	283	1
46	283	1
264	283	1
104	283	1
77	283	1
6	283	1
302	283	1
218	283	1
258	283	1
451	283	1
34	283	1
358	283	1
64	283	1
176	283	1
165	283	1
208	283	1
417	283	1
270	283	1
15	283	1
214	283	1
38	283	1
103	283	1
436	283	0
134	283	0
203	283	0
183	283	0
102	283	0
491	283	0
123	283	0
124	283	0
60	283	0
126	283	0
66	283	0
55	283	0
105	283	0
337	283	0
56	283	0
465	283	0
25	283	0
390	283	0
291	283	0
61	283	0
83	283	0
276	283	0
17	308	1
258	308	1
102	308	1
247	308	0
335	308	0
240	308	0
38	308	0
351	308	0
55	308	0
465	308	0
215	308	0
195	308	0
206	308	0
396	308	0
220	308	0
205	308	0
104	308	0
56	308	0
135	308	0
13	160	1
12	160	1
302	160	1
415	160	1
17	160	1
422	160	1
168	160	1
171	160	1
218	160	1
46	160	1
129	160	1
75	160	1
98	160	1
368	160	1
371	160	1
77	160	1
10	160	1
292	160	1
364	160	1
345	160	1
238	160	1
190	160	1
123	160	0
268	160	0
134	160	0
125	160	0
121	160	0
61	160	0
249	160	0
211	160	0
126	160	0
224	160	0
54	422	1
87	422	1
336	422	1
22	422	1
218	422	1
226	422	1
158	422	1
113	422	1
11	422	1
16	422	1
112	422	1
284	422	1
186	422	1
308	422	1
18	422	1
160	422	1
15	422	1
323	422	1
261	422	1
12	422	1
34	422	1
208	422	1
37	422	1
166	422	1
80	422	1
299	422	1
10	422	1
448	422	1
171	422	1
187	422	1
44	422	1
134	422	1
331	422	1
47	422	1
98	422	1
104	422	1
35	422	1
4	422	1
215	422	1
237	422	0
123	422	0
61	422	0
128	422	0
124	422	0
121	422	0
349	422	0
102	422	0
174	13	1
50	13	1
371	13	1
22	13	1
243	13	1
10	13	1
103	13	1
360	13	1
23	13	1
126	13	1
218	13	1
200	13	1
42	13	1
140	13	1
355	13	1
169	13	1
193	13	1
29	13	1
365	13	1
268	13	1
114	13	1
241	13	1
302	13	1
465	13	1
41	13	1
276	13	1
118	13	1
394	13	0
249	13	0
352	13	0
123	13	0
322	13	0
214	13	0
203	13	0
134	13	0
113	13	0
121	13	0
231	13	0
128	13	0
97	13	0
211	13	0
268	112	1
222	112	1
75	112	1
86	112	1
59	112	1
148	112	1
113	112	1
114	112	1
322	112	1
418	112	1
431	112	1
473	112	1
80	112	1
197	112	1
169	112	1
189	112	1
32	112	1
125	112	1
151	112	1
25	112	1
323	112	1
136	112	1
118	112	1
99	240	1
78	240	1
226	240	1
223	240	1
231	240	1
158	240	1
154	240	1
13	240	1
186	240	1
445	240	1
18	240	1
11	240	1
77	240	1
241	240	1
364	240	1
265	240	1
224	240	1
122	240	1
233	240	1
447	240	1
61	240	1
230	240	1
308	240	1
165	240	1
295	240	1
253	240	1
14	240	1
22	240	1
465	240	1
114	240	1
424	240	1
80	240	1
266	240	1
350	240	1
82	240	1
336	240	1
10	240	0
134	240	0
214	240	0
256	240	0
128	240	0
103	240	0
345	240	0
281	240	0
166	240	0
60	240	0
313	240	0
294	240	0
123	240	0
29	240	0
468	240	0
275	240	0
388	240	0
334	240	0
140	360	1
230	360	1
13	360	1
169	360	1
456	360	1
375	360	1
186	360	1
366	360	1
265	360	1
11	360	1
192	360	1
10	360	1
46	360	1
324	360	1
444	360	1
244	360	1
28	360	1
214	360	1
82	360	1
454	360	1
415	360	1
93	360	1
218	360	1
189	360	1
85	360	1
182	77	1
32	77	1
414	77	1
158	77	1
356	77	1
192	77	1
265	77	1
68	77	1
75	77	1
244	77	1
157	77	1
145	77	1
200	77	1
218	77	1
80	77	1
11	77	1
140	77	1
10	77	1
221	77	1
62	77	1
322	77	1
85	77	1
93	77	1
123	77	1
119	77	1
171	77	1
95	77	1
409	77	1
190	77	1
151	192	1
200	192	1
239	192	1
7	192	1
489	192	1
28	192	1
42	192	1
430	192	1
119	192	1
364	192	1
191	192	1
171	192	1
360	192	1
224	192	1
415	192	1
350	192	1
372	192	1
189	192	1
186	192	1
166	192	1
77	192	1
375	192	1
17	192	1
102	192	1
305	192	1
426	192	1
334	192	1
458	192	1
225	192	1
80	192	1
278	192	1
23	192	1
274	192	1
44	192	1
322	192	1
105	192	1
494	192	1
63	192	1
61	192	1
202	192	1
103	192	1
425	192	1
270	192	1
240	192	1
256	192	1
306	192	1
371	238	1
211	238	1
360	238	1
12	238	1
233	238	1
454	238	1
162	238	1
113	238	1
125	238	1
191	238	1
396	238	1
489	238	1
29	238	1
15	238	1
105	238	1
350	238	1
294	238	1
424	238	1
134	238	0
123	238	0
183	385	1
83	385	1
32	385	1
17	385	1
46	385	1
224	385	1
28	385	1
158	385	1
324	385	1
274	385	1
44	385	1
105	385	1
454	385	1
494	385	1
77	385	1
25	385	1
23	385	1
240	385	1
266	385	1
152	385	1
313	385	1
75	385	1
114	385	1
124	385	1
233	120	1
17	120	1
238	120	0
335	120	0
247	120	0
437	120	0
299	120	0
112	120	0
28	120	0
398	120	0
327	120	0
95	120	0
11	120	0
59	120	0
256	120	0
450	120	0
63	120	0
194	120	0
196	120	0
134	120	0
44	120	0
308	120	0
6	120	0
130	120	0
254	120	0
61	120	0
278	46	1
331	46	1
372	46	1
32	46	1
387	46	1
17	46	1
384	46	0
234	46	0
105	46	0
238	46	0
121	46	0
322	46	0
203	46	0
330	46	0
11	46	0
396	46	0
207	46	0
134	46	0
465	46	0
130	46	0
489	46	0
256	46	0
128	46	0
402	46	0
60	46	0
87	221	1
405	221	1
209	221	1
61	221	1
12	221	1
44	221	0
396	221	0
121	221	0
334	221	0
41	221	0
28	221	0
265	221	0
95	221	0
197	221	0
214	221	0
239	221	0
130	221	0
190	221	0
268	221	0
22	221	0
140	221	0
13	221	0
124	221	0
368	221	0
42	221	0
367	221	0
238	221	0
371	221	0
105	221	0
200	221	0
360	221	0
166	221	0
255	221	0
284	221	0
97	221	0
489	17	0
364	17	0
330	17	0
158	17	0
247	17	0
415	17	0
102	17	0
183	17	0
168	17	0
11	224	1
218	224	1
231	224	1
183	224	1
53	224	1
16	224	1
407	224	1
243	224	1
233	224	1
13	224	1
14	224	1
17	224	1
54	224	1
44	224	1
124	224	1
190	224	1
10	224	1
22	224	1
113	224	0
134	224	0
247	224	0
268	224	0
281	224	0
284	224	0
465	224	0
445	224	0
237	224	0
122	224	0
214	224	0
253	224	0
294	224	0
29	224	0
140	278	1
491	278	1
238	278	1
102	278	1
322	278	0
121	278	0
11	278	0
247	278	0
7	278	0
12	278	0
130	278	0
46	278	0
83	278	0
14	278	0
224	278	0
10	278	0
415	278	0
200	278	0
61	278	0
284	278	0
25	278	0
444	278	0
390	278	0
168	278	0
401	278	0
283	243	1
83	243	1
189	243	1
158	243	1
97	243	1
63	243	1
197	243	1
349	243	1
121	243	0
130	243	0
294	243	0
422	243	0
123	243	0
394	243	0
221	243	0
29	243	0
113	219	1
207	219	1
15	219	1
218	219	1
34	219	1
136	219	1
345	219	0
169	219	0
280	219	0
313	219	0
103	219	0
203	219	0
289	219	0
102	219	0
134	219	0
239	219	0
127	219	0
241	219	0
394	219	0
4	219	0
458	219	0
343	219	0
54	219	0
133	219	0
257	219	0
330	219	0
168	219	0
104	219	0
224	190	1
12	190	1
367	190	1
80	190	1
322	190	1
219	190	1
10	190	1
243	190	1
239	190	1
113	190	1
249	190	1
87	190	1
165	190	1
421	190	1
298	190	1
42	190	1
352	190	1
151	190	1
435	190	0
282	190	0
345	190	0
477	190	0
454	190	0
253	190	0
465	190	0
121	190	0
61	190	0
130	190	0
390	190	0
35	190	0
444	190	0
124	190	0
103	190	0
288	190	0
350	190	0
394	36	1
238	36	1
380	36	1
214	36	0
240	36	0
114	36	0
17	36	0
112	36	0
224	36	0
12	36	0
200	36	0
221	36	0
44	36	0
231	36	0
59	36	0
282	36	0
296	324	1
140	324	1
13	324	1
375	324	1
435	324	1
360	324	1
22	324	1
14	324	1
243	324	1
60	324	1
169	324	1
402	324	1
462	324	1
477	324	1
239	324	1
114	324	1
209	324	1
247	324	1
158	324	1
365	324	1
80	324	1
455	324	1
168	324	1
59	324	1
62	324	1
116	324	1
278	324	1
17	324	1
415	324	1
268	324	0
123	324	0
122	324	0
331	324	0
134	324	0
322	324	0
496	324	0
11	324	0
61	324	0
465	324	0
58	324	0
396	324	0
129	324	0
121	324	0
189	324	0
237	324	0
15	324	0
211	324	0
12	324	0
249	324	0
166	324	0
380	324	0
113	324	0
38	98	1
121	98	0
54	98	0
18	98	0
406	98	0
127	98	0
282	98	0
34	98	0
12	98	0
157	98	0
11	98	0
16	98	0
162	98	0
281	98	0
6	98	0
113	98	0
211	98	0
44	98	0
368	98	0
95	98	0
352	98	0
28	98	0
112	98	0
59	98	0
134	98	0
345	169	1
13	169	1
360	169	1
118	169	1
365	169	1
447	169	0
134	169	0
121	169	0
414	169	0
240	169	0
214	169	0
390	169	0
151	169	0
10	169	0
95	169	0
112	169	0
318	169	0
444	169	0
130	169	0
259	169	0
12	169	0
46	169	1
279	169	1
269	169	1
108	169	1
496	169	0
18	169	0
133	169	0
128	169	0
113	169	0
281	169	0
208	169	0
54	169	0
282	169	0
196	169	0
255	169	0
230	169	0
256	169	0
59	169	0
46	96	1
80	96	1
208	96	1
237	96	1
123	96	1
32	96	1
43	96	1
226	96	1
61	96	1
93	96	1
278	96	1
121	96	0
64	96	0
281	96	0
360	96	0
239	96	0
130	96	0
85	96	0
134	96	0
128	96	0
127	96	0
308	96	0
214	96	0
11	96	0
268	96	0
95	96	0
58	96	0
338	96	0
334	96	0
112	96	0
183	96	0
359	96	0
6	96	0
284	96	0
287	96	0
190	96	0
257	96	0
330	96	0
196	96	0
256	96	0
488	96	0
436	96	0
233	41	1
112	41	1
85	41	1
151	41	1
63	41	1
86	41	1
75	41	1
59	41	1
241	41	1
80	41	1
224	41	1
134	41	0
25	41	0
214	41	0
121	41	0
29	41	0
28	41	0
10	41	0
128	41	0
243	41	0
238	41	0
324	41	0
296	41	0
162	41	0
124	41	0
103	41	0
364	140	1
365	140	1
360	140	1
194	140	1
371	140	1
16	140	1
334	140	1
218	140	1
28	140	1
157	140	1
60	140	1
276	140	1
75	140	1
54	140	1
114	140	0
281	140	0
426	140	0
102	140	0
352	140	0
112	140	0
437	140	0
239	140	0
10	140	0
402	140	0
121	140	0
113	140	0
249	140	0
240	140	0
330	140	0
269	140	0
7	140	0
496	140	0
325	140	0
415	334	1
336	334	1
386	334	1
10	334	1
42	334	1
241	334	1
16	334	1
221	334	1
186	334	1
393	334	1
218	334	1
28	334	1
77	334	1
112	334	1
87	334	1
437	334	1
380	334	1
267	334	1
85	334	1
86	334	1
105	334	1
102	334	1
207	334	1
176	334	1
209	334	1
222	334	1
356	334	1
306	334	1
280	334	0
394	334	0
121	334	0
468	334	0
247	334	0
318	334	0
130	334	0
128	334	0
294	334	0
287	334	0
477	334	0
281	334	0
123	334	0
330	334	0
367	334	0
288	334	0
124	334	0
454	334	0
168	334	0
445	334	0
298	402	1
276	402	1
62	402	1
360	402	1
77	402	0
166	402	0
394	402	0
13	402	0
44	402	0
202	402	0
46	402	0
124	402	0
134	402	0
230	402	0
415	402	0
112	402	0
302	402	0
396	402	0
168	402	0
54	402	0
113	7	1
87	7	1
75	7	1
194	7	1
25	7	1
371	7	1
268	7	0
164	7	0
281	7	0
238	7	0
301	283	1
401	283	1
215	283	1
112	283	0
172	283	0
393	283	0
243	283	0
80	283	0
29	283	0
477	283	0
86	371	1
367	371	1
28	371	1
38	371	1
211	371	1
339	371	1
32	371	1
125	371	1
414	371	1
356	371	1
209	371	1
114	371	1
489	371	1
128	371	1
80	371	1
59	371	1
182	371	1
349	371	1
42	371	1
233	371	1
82	371	1
83	371	1
12	371	1
370	371	1
29	371	0
222	319	1
224	319	1
307	319	1
371	319	1
281	319	1
268	319	1
105	319	1
15	319	1
86	319	1
182	319	1
83	319	1
44	319	1
164	319	1
143	319	1
328	319	1
29	319	1
12	319	1
197	319	1
50	319	1
159	319	1
114	319	1
349	319	1
62	319	1
193	319	0
371	28	1
42	28	1
182	28	1
323	28	1
307	28	1
69	28	1
435	28	1
349	28	1
186	28	1
128	28	1
328	28	1
83	28	1
94	28	1
158	28	1
249	28	1
125	28	1
431	28	1
410	28	1
114	28	1
429	28	1
62	28	1
319	28	1
63	28	1
231	296	1
10	296	1
224	296	1
15	296	1
191	296	1
61	296	1
80	296	1
135	296	1
94	296	1
323	296	1
390	296	1
97	296	1
445	296	1
359	296	1
166	296	0
123	296	0
103	296	0
169	370	1
222	370	1
298	370	1
113	370	1
371	370	1
454	370	1
356	370	1
12	370	1
409	370	1
323	370	1
14	370	1
294	370	1
134	370	1
136	370	1
377	370	1
125	370	1
44	370	1
133	370	1
180	370	1
444	370	1
114	370	1
431	370	1
381	447	1
359	447	1
260	447	1
7	447	1
371	447	1
38	447	1
265	447	1
407	447	1
113	447	1
222	447	1
448	447	1
105	447	1
365	447	1
376	447	1
186	447	1
230	447	1
294	447	1
209	447	1
264	447	1
62	447	1
32	447	1
414	447	1
214	447	1
126	447	0
61	447	0
247	354	1
233	354	1
97	354	1
61	354	1
133	354	1
377	354	1
323	354	1
14	354	1
393	354	1
44	354	1
365	354	1
102	354	1
193	354	1
360	354	1
370	354	1
409	354	1
42	354	1
376	354	1
105	354	1
290	354	1
390	354	0
121	354	0
134	354	0
164	354	0
25	354	0
296	354	0
298	105	1
113	105	1
191	105	1
158	105	1
371	105	1
324	105	1
307	105	1
355	105	1
171	105	1
12	105	1
407	105	1
249	105	1
390	105	1
186	105	1
340	105	1
189	105	1
214	105	1
86	105	1
62	105	1
456	105	1
68	105	1
82	105	1
294	105	1
350	105	1
124	105	1
445	105	1
159	105	1
268	105	0
281	105	0
123	105	0
125	105	0
347	105	0
339	105	0
264	105	0
323	105	0
344	105	0
359	42	1
41	42	1
281	42	1
15	42	1
268	42	1
82	42	1
214	42	1
44	42	1
350	42	1
307	42	1
87	42	1
491	42	0
123	42	0
105	171	1
28	171	1
349	171	1
499	171	1
143	171	1
445	171	1
307	171	1
114	171	1
38	171	1
281	171	0
108	113	1
135	113	1
409	113	1
371	113	1
491	113	1
38	113	1
60	113	1
288	113	1
489	113	1
157	113	1
94	113	1
370	113	1
191	113	1
367	113	1
208	113	1
233	113	1
252	113	1
445	113	1
10	113	1
350	113	1
166	113	1
454	113	1
456	113	1
204	113	1
230	113	1
233	412	1
32	412	1
94	412	1
140	412	1
214	412	1
59	412	1
12	412	1
105	412	1
63	412	1
44	412	1
86	412	1
454	412	1
447	412	1
10	412	1
189	412	1
352	412	0
454	290	1
371	290	1
323	290	1
164	290	1
61	290	1
182	290	1
278	290	1
409	290	1
32	290	1
370	290	1
222	290	1
209	290	1
360	290	1
44	290	1
82	290	1
261	290	1
224	290	1
83	290	1
15	290	1
135	290	1
127	290	0
281	290	0
394	290	0
265	164	1
61	164	1
224	164	1
41	164	1
294	164	1
414	164	1
171	164	1
44	164	1
10	164	1
82	164	1
182	164	1
396	164	1
68	164	1
38	164	1
375	164	1
193	164	1
491	164	0
114	94	1
37	94	1
350	94	1
371	94	1
135	94	1
307	94	1
125	94	1
42	94	1
134	94	1
123	94	1
169	94	1
68	94	1
494	94	1
209	94	1
191	94	1
376	94	1
380	94	1
424	94	1
394	94	1
103	94	1
290	94	1
352	94	1
276	94	1
236	94	0
365	94	0
133	94	0
247	94	0
379	94	0
39	94	0
450	94	0
126	94	0
124	94	0
121	94	0
265	94	0
164	94	0
193	94	0
214	94	0
469	94	0
10	94	0
371	284	1
367	284	1
233	284	1
105	284	1
113	284	1
342	284	1
211	284	1
59	284	1
122	284	1
394	284	1
431	284	1
255	284	1
150	284	1
8	284	1
151	284	1
355	284	1
239	284	1
134	284	0
121	284	0
123	284	0
281	284	0
164	284	0
128	284	0
454	323	1
209	323	1
233	323	1
402	323	1
261	323	1
12	323	1
82	323	1
32	323	1
105	323	1
42	323	1
169	323	1
118	323	1
186	323	1
386	323	1
298	323	1
166	323	1
123	323	0
352	151	1
28	151	1
454	151	1
405	151	1
233	151	1
192	151	1
15	151	1
61	151	1
83	151	1
222	151	1
214	151	1
224	151	1
340	151	1
303	151	1
189	151	1
118	151	1
68	151	1
44	151	1
281	151	0
409	239	1
224	239	1
414	239	1
59	239	1
222	239	1
209	239	1
134	239	1
214	239	1
233	239	1
82	239	1
44	239	1
114	239	1
390	239	0
123	239	0
239	206	1
233	206	1
166	206	1
324	206	1
491	206	1
414	206	1
14	206	1
214	206	1
44	206	1
159	206	1
444	206	1
10	206	1
83	206	1
114	206	1
105	206	1
309	206	1
488	439	0
265	439	0
172	439	0
164	439	0
113	439	0
222	439	0
28	439	0
342	193	1
15	193	1
94	193	0
214	193	0
253	193	0
135	193	0
239	193	0
231	193	0
44	127	1
200	127	1
12	127	1
25	127	1
281	127	0
390	127	0
238	127	0
105	127	0
61	127	0
28	127	0
465	127	0
126	127	0
134	127	0
214	127	0
249	127	0
284	127	0
371	233	1
113	233	1
396	233	0
135	233	0
193	233	0
28	233	0
472	112	1
28	112	1
266	112	1
488	112	1
143	112	1
22	112	1
344	112	1
184	112	1
62	112	1
352	112	1
166	112	1
260	112	0
83	112	0
489	112	0
288	112	0
7	112	0
328	112	0
436	112	0
103	112	0
69	112	0
303	112	0
276	112	0
233	328	1
105	328	0
214	328	0
265	169	1
224	169	1
29	169	1
164	169	0
126	169	0
83	169	0
298	169	0
41	169	0
61	169	0
491	169	0
398	169	0
494	169	0
449	169	0
69	169	0
339	169	0
105	169	0
328	284	1
265	284	1
44	284	1
124	284	1
414	284	1
393	284	1
14	284	0
41	284	0
303	284	0
491	284	0
83	367	1
127	367	1
77	367	1
94	367	1
190	367	1
136	367	1
323	367	1
278	367	1
377	367	1
435	367	1
61	367	1
350	367	1
360	367	1
224	367	1
143	367	1
182	367	1
249	367	1
214	367	1
452	367	1
296	367	1
298	367	1
59	367	1
342	367	1
255	367	0
281	367	0
29	367	0
123	367	0
465	367	0
122	367	0
125	367	0
140	367	0
121	367	0
390	367	0
494	367	0
133	367	0
126	367	0
211	367	0
166	367	0
134	367	0
130	367	0
414	367	0
456	367	0
186	367	0
294	367	0
324	272	1
68	272	1
265	272	1
15	272	1
83	272	1
290	272	1
427	272	1
355	272	1
159	272	1
50	272	1
197	272	1
124	272	1
123	272	0
59	307	1
164	307	1
206	307	1
162	307	1
28	307	1
444	307	1
445	307	1
15	307	1
296	307	1
454	307	1
249	307	1
377	307	1
407	307	1
32	307	1
409	307	1
136	307	1
170	307	1
197	307	1
268	307	0
281	307	0
298	444	1
23	444	1
224	444	1
407	444	1
307	444	1
370	444	1
214	444	1
29	444	1
354	444	1
15	444	1
197	444	1
128	444	1
114	444	1
353	444	1
105	444	0
121	444	0
465	444	0
390	444	0
365	444	0
323	434	1
23	434	1
28	434	1
83	434	1
197	434	1
38	434	1
224	434	1
214	434	1
281	434	0
291	434	0
290	434	0
126	434	0
370	434	0
260	434	0
255	434	0
133	434	0
445	434	0
447	282	1
373	282	1
264	282	1
75	282	1
159	282	1
325	282	1
355	282	1
390	282	1
197	282	1
342	282	1
171	282	1
429	282	1
294	282	1
128	282	1
102	282	1
124	282	0
268	339	1
355	339	1
444	339	1
349	339	1
197	339	1
62	339	1
15	339	1
355	407	1
19	407	1
61	407	1
127	407	1
90	407	1
32	407	1
80	407	1
180	407	1
454	407	1
288	407	1
462	407	1
210	407	1
150	407	1
429	407	1
394	407	1
298	407	0
224	157	1
324	157	1
83	157	1
171	157	1
12	157	1
307	157	1
409	157	1
32	157	1
268	157	1
7	157	1
69	157	1
150	157	1
230	157	1
158	157	1
66	157	1
133	157	0
126	157	0
281	157	0
182	494	1
103	494	1
172	494	1
371	494	1
128	494	1
86	494	1
363	494	1
114	494	1
211	494	1
222	494	1
286	494	1
456	494	1
125	494	1
32	494	1
427	494	1
191	494	1
294	494	1
436	494	1
225	494	1
69	494	1
150	494	1
157	494	1
359	494	1
155	494	1
37	494	1
469	494	1
365	494	0
281	494	0
352	494	0
123	494	0
114	81	1
83	81	1
159	81	1
407	81	1
158	81	1
410	81	1
28	81	1
445	81	1
38	81	1
249	81	1
103	81	1
214	81	1
265	81	1
94	81	1
86	351	1
342	351	1
356	351	1
171	351	1
50	351	1
288	351	1
197	351	1
376	351	1
94	351	1
80	351	1
90	351	1
210	351	1
444	351	1
349	351	1
204	351	1
38	351	1
63	351	1
365	351	0
465	351	0
460	351	0
29	351	0
264	351	0
352	351	0
294	351	0
197	449	1
29	449	1
307	449	1
246	449	1
323	449	1
162	449	1
342	449	1
19	449	1
22	449	1
114	449	1
370	449	1
164	449	0
61	449	0
69	449	0
94	449	0
133	449	0
393	449	0
291	449	0
121	449	0
105	449	0
296	449	0
356	449	0
458	449	0
166	449	0
394	449	0
123	449	0
170	449	0
211	449	0
365	449	0
28	158	1
307	158	1
86	158	1
162	158	1
12	158	1
159	158	1
352	158	1
291	158	1
323	158	1
265	158	1
98	158	1
210	158	1
324	158	1
124	158	1
253	158	1
359	158	1
198	158	1
32	158	1
121	158	0
23	158	0
388	158	0
83	288	1
268	288	1
407	288	1
44	288	1
15	288	1
328	288	1
253	288	1
249	288	1
50	288	1
230	288	1
409	288	1
307	38	1
355	38	1
124	38	1
180	38	1
164	38	1
191	38	1
214	38	1
407	38	1
224	38	1
159	38	1
29	38	1
223	38	1
393	38	1
249	38	1
232	38	1
19	38	1
425	38	1
211	38	1
294	38	1
265	38	1
436	38	1
61	38	1
44	38	1
499	38	1
11	38	1
444	38	1
186	38	1
86	38	1
114	194	1
222	194	1
164	194	1
372	194	1
224	194	1
83	194	1
7	194	1
94	194	1
105	194	1
76	194	1
390	194	1
298	194	1
376	194	1
281	194	1
103	194	1
12	194	1
325	194	1
62	194	1
121	194	0
29	194	0
265	58	1
253	58	1
164	58	1
488	58	1
80	58	1
158	58	1
224	58	1
159	58	1
426	58	1
352	58	1
103	58	1
198	58	1
94	58	1
12	58	1
114	58	0
125	58	0
126	58	0
324	58	0
83	58	0
133	58	0
323	58	0
294	58	0
333	58	0
150	58	0
166	58	0
211	58	0
291	58	0
281	58	0
123	58	0
445	58	0
393	58	0
206	454	1
253	454	1
186	454	1
38	454	1
182	454	1
114	454	1
125	454	1
127	454	1
44	454	1
128	454	1
281	454	0
394	454	0
164	454	0
123	454	0
133	454	0
376	454	0
121	454	0
445	454	0
12	454	0
390	454	0
135	454	0
19	371	1
197	371	1
328	371	0
303	371	0
172	371	0
281	371	0
166	371	0
447	371	0
260	307	0
298	307	0
436	307	0
458	307	0
328	193	1
75	193	1
394	193	0
164	193	0
133	193	0
324	193	0
105	193	0
281	193	0
28	193	0
86	193	0
186	193	0
249	193	0
281	233	0
288	233	0
164	233	0
445	233	0
233	233	0
162	296	1
426	296	1
38	296	1
62	296	1
125	296	1
164	296	0
12	296	0
281	296	0
29	296	0
291	296	0
133	296	0
121	296	0
303	296	0
325	296	0
83	296	0
381	198	1
159	198	1
265	198	1
273	198	1
80	198	1
204	198	1
333	198	1
94	198	1
324	198	1
86	198	1
303	198	0
121	198	0
166	198	0
124	198	0
281	198	0
83	198	0
214	198	0
105	198	0
325	198	0
323	198	0
29	198	0
390	198	0
454	198	0
180	198	0
393	198	0
466	198	0
211	198	0
409	447	1
355	447	1
233	447	1
426	447	1
421	447	1
350	447	1
123	447	0
204	447	0
125	447	0
166	447	0
477	447	0
197	447	0
102	447	0
83	224	1
80	224	1
260	224	0
394	224	0
303	224	0
454	224	0
324	224	0
390	224	0
164	36	0
162	36	0
206	36	0
307	36	0
124	36	0
281	36	0
80	36	0
431	36	0
63	36	0
394	83	1
281	83	0
488	381	1
421	381	1
253	381	1
94	381	1
379	381	1
286	381	1
108	381	1
236	381	1
223	381	0
445	381	0
365	381	0
231	381	0
447	381	0
393	381	0
182	381	0
164	381	0
49	381	0
124	381	0
281	381	0
303	381	0
62	381	0
356	381	0
15	381	0
86	381	0
197	381	0
194	381	0
409	381	0
264	381	0
212	381	0
489	381	0
449	381	0
353	381	0
28	381	0
431	381	0
333	381	0
170	381	0
342	381	0
105	381	0
145	381	0
180	381	0
159	381	0
139	381	0
76	381	0
273	381	0
414	381	0
80	381	0
83	381	0
298	381	0
172	290	1
328	290	1
418	290	1
121	290	0
123	290	0
288	290	0
128	290	0
166	290	0
303	290	0
159	290	0
80	122	1
268	122	0
86	122	0
436	122	0
164	12	0
133	12	0
68	12	0
80	284	0
298	284	0
172	284	0
450	327	1
193	327	1
68	327	1
75	327	1
23	327	0
303	327	0
44	327	0
80	327	0
494	327	0
62	327	0
166	327	0
370	327	0
159	327	0
102	327	0
124	172	0
370	172	0
28	172	0
164	172	0
89	172	0
303	172	0
394	172	0
281	172	0
224	172	0
83	172	0
431	172	0
133	172	0
61	172	0
217	377	1
394	377	1
44	377	1
447	377	1
75	377	1
429	377	1
350	377	1
294	377	1
224	90	1
114	90	1
272	90	1
61	90	1
124	90	0
225	90	0
307	356	1
353	356	1
431	356	1
80	356	1
464	356	1
342	356	1
191	356	1
63	356	1
488	356	1
125	356	1
204	356	1
294	356	1
469	356	1
29	356	0
225	356	0
337	356	0
44	155	1
61	155	1
349	155	1
103	155	1
303	155	1
44	397	1
19	397	1
197	397	1
303	397	1
214	397	1
103	397	1
268	397	0
355	298	1
298	298	1
447	298	1
464	298	1
44	298	1
87	298	1
159	298	1
214	298	1
262	298	1
103	298	1
377	298	1
217	143	1
268	143	1
355	143	1
260	143	1
63	143	1
294	143	1
353	143	1
225	143	1
337	143	1
376	143	1
103	143	1
429	143	0
80	143	0
303	143	0
469	143	0
38	180	1
407	180	1
447	180	1
342	180	1
103	180	1
122	180	1
298	180	1
68	180	1
32	180	1
62	180	1
44	180	1
197	180	0
282	180	0
223	421	1
44	421	1
15	421	1
224	421	1
331	421	1
272	421	1
75	19	1
86	19	1
427	19	1
180	19	1
268	19	1
32	19	1
265	19	1
15	19	1
350	19	1
355	251	1
233	251	1
122	251	1
197	251	1
126	251	0
355	381	1
68	381	1
460	381	1
458	381	1
390	381	1
338	381	1
224	381	1
265	381	1
171	381	1
268	381	1
89	381	1
29	381	1
38	381	1
32	381	1
23	381	1
61	381	1
251	381	1
318	381	1
282	381	1
347	381	0
214	381	0
122	381	0
204	381	0
272	381	0
450	381	0
307	381	0
469	381	0
456	381	0
392	381	0
19	260	1
90	260	1
15	260	1
264	260	1
427	260	1
425	260	1
272	260	1
353	260	1
342	260	1
349	260	1
421	191	1
90	191	1
353	191	1
122	191	1
298	191	1
180	191	1
342	191	1
204	191	1
44	191	1
15	191	1
50	191	1
29	191	1
61	66	1
488	66	1
464	66	1
44	66	1
197	66	1
303	66	1
159	66	1
347	66	1
365	66	1
22	66	0
126	66	0
102	66	0
122	66	0
125	66	0
44	429	1
407	429	1
265	429	1
349	429	1
75	429	1
180	429	1
350	429	1
150	429	1
365	429	1
394	429	0
450	429	0
390	429	0
223	103	1
75	103	1
429	103	1
352	103	0
61	69	1
38	69	1
342	69	1
29	69	1
15	69	1
217	69	1
19	69	1
101	69	1
126	69	1
307	69	1
191	69	1
407	69	1
103	69	1
356	69	0
355	69	0
122	69	0
80	69	0
260	69	0
458	69	0
12	69	0
170	69	0
62	69	0
44	11	1
303	11	1
333	11	1
260	230	1
448	230	1
265	230	1
429	230	1
44	230	1
90	230	1
307	230	1
15	230	1
128	230	1
62	230	1
171	230	1
298	230	1
197	230	1
204	230	1
407	61	1
103	61	1
260	61	1
355	61	1
44	61	1
86	61	1
378	61	1
75	61	1
150	61	1
349	61	1
458	61	1
427	61	1
268	61	1
460	61	1
264	61	1
350	61	1
204	272	1
268	272	1
286	272	1
126	272	0
260	272	0
214	272	0
121	272	0
61	272	0
212	272	0
466	272	0
394	120	0
15	120	0
180	120	0
204	282	1
122	282	1
121	282	0
68	282	0
212	282	0
303	282	0
44	407	1
75	407	1
458	407	1
126	407	0
23	407	0
144	407	0
103	407	0
281	407	0
382	407	1
121	407	0
347	407	0
122	407	0
49	447	1
103	447	1
89	447	1
281	447	0
420	447	0
469	447	0
268	447	0
91	447	0
298	447	0
303	447	0
122	447	0
121	224	0
447	224	0
282	224	0
418	381	1
335	381	1
224	264	1
102	264	1
298	264	1
268	264	1
125	264	1
194	264	1
370	264	1
488	264	0
349	264	0
265	264	0
62	264	0
15	264	0
303	264	0
407	122	1
61	122	1
68	122	1
126	122	1
103	122	0
303	122	0
86	230	1
394	230	1
208	230	1
460	230	0
121	230	0
447	230	0
352	230	0
260	106	1
268	106	1
194	106	1
75	106	1
365	106	1
342	106	1
68	106	0
89	106	0
347	106	0
390	106	0
273	106	0
106	106	0
355	58	1
214	58	1
372	58	0
477	58	0
355	315	1
407	315	1
75	315	1
427	315	1
260	315	1
128	315	1
61	315	1
197	315	1
273	315	1
214	315	1
352	315	1
44	315	1
304	315	1
359	315	1
318	315	1
394	315	0
126	315	0
236	315	0
237	315	0
251	462	1
273	462	1
68	462	1
281	462	1
92	462	1
260	462	1
214	462	1
268	292	1
390	292	1
427	303	1
318	303	1
458	303	1
414	303	1
464	303	1
223	303	1
208	303	1
418	303	0
375	303	0
204	303	0
382	303	0
286	303	0
44	428	1
355	428	1
208	428	1
167	428	1
75	428	1
75	50	1
372	50	1
197	50	1
98	50	1
63	352	1
44	352	1
475	352	1
350	352	1
303	352	1
86	352	1
116	352	1
92	352	1
204	352	1
273	352	1
126	352	1
184	352	1
233	352	1
420	348	1
208	348	1
349	348	1
458	348	1
50	348	1
448	348	1
61	318	1
214	318	1
86	318	1
350	318	1
378	355	1
214	355	1
61	355	1
197	355	1
237	355	1
315	355	1
106	355	1
103	355	1
352	355	1
456	364	1
460	364	1
63	364	1
414	364	1
197	364	1
380	364	1
458	364	1
204	380	1
212	380	1
470	380	1
448	380	1
427	204	1
223	204	1
359	204	1
414	204	1
63	204	1
178	204	1
186	204	1
355	204	1
350	204	1
303	204	1
427	91	1
44	91	1
355	91	1
86	91	1
197	91	1
63	91	1
76	91	1
350	91	1
68	266	1
349	266	1
473	266	1
488	392	1
255	392	1
460	392	1
426	392	1
427	392	1
86	392	1
208	392	1
167	392	1
186	392	1
212	392	1
364	392	1
350	392	1
380	392	1
197	392	1
32	392	1
349	392	1
102	392	1
464	392	1
75	262	1
208	262	1
268	262	1
204	262	1
63	262	1
86	262	1
350	211	1
359	211	1
393	211	1
355	211	1
273	211	1
126	211	1
197	211	1
44	211	1
86	338	1
92	338	1
352	338	1
150	338	1
126	338	1
102	338	1
372	338	1
251	338	1
208	338	1
349	338	1
68	338	0
103	375	1
89	375	1
167	375	1
63	375	1
313	375	1
350	375	1
44	375	1
460	375	0
373	375	0
460	420	1
106	420	1
208	420	1
102	420	1
420	448	1
460	448	1
23	448	1
341	448	1
197	448	1
212	448	1
350	448	1
418	94	1
273	94	1
466	94	1
473	94	0
247	441	1
214	166	1
236	166	1
91	166	1
407	166	1
303	166	1
355	208	1
186	208	1
460	208	1
75	208	1
281	208	1
488	208	1
197	208	1
303	208	1
460	424	1
236	424	1
260	424	1
214	424	1
75	424	1
32	424	1
390	424	1
420	424	1
350	424	1
488	424	0
350	378	1
75	378	1
68	378	1
414	378	1
355	378	1
392	378	1
86	378	1
273	378	1
223	378	1
214	378	1
294	378	1
44	378	1
197	378	1
427	63	1
12	63	1
44	63	1
197	63	1
473	63	0
268	365	1
102	365	1
407	365	1
294	365	1
150	365	1
264	365	1
352	365	0
318	365	0
223	365	0
392	365	0
217	365	0
208	365	0
414	315	1
262	315	1
268	315	0
401	315	0
466	315	0
394	352	1
291	352	0
97	447	0
44	318	0
338	355	0
204	278	1
197	278	1
212	278	1
166	278	0
349	98	1
32	98	1
350	98	1
214	98	1
204	98	0
347	98	0
128	98	0
488	98	0
167	98	0
372	98	0
255	98	0
294	98	0
268	260	0
390	260	0
102	260	0
86	106	0
380	106	0
475	106	0
350	106	0
414	106	1
242	106	1
103	106	1
212	106	0
44	106	0
426	106	0
167	106	0
424	106	0
225	106	0
178	106	0
204	106	0
394	106	0
410	106	0
214	106	0
382	106	0
76	378	1
291	378	0
242	378	0
126	378	0
418	61	0
393	61	0
401	372	1
50	372	1
184	372	1
392	372	1
352	372	1
144	372	1
350	372	1
427	350	1
458	350	1
349	350	1
426	350	1
98	350	1
186	350	1
106	414	1
32	414	1
225	414	1
167	414	1
353	414	1
49	414	0
89	414	0
394	414	0
312	273	1
350	273	1
144	273	1
75	273	1
128	273	0
414	235	1
44	235	1
126	197	1
86	197	1
50	197	1
456	197	1
49	197	1
372	197	1
106	427	1
353	427	1
350	427	1
116	427	1
320	427	1
470	427	1
126	427	1
184	349	1
178	349	1
214	349	1
44	349	1
320	349	1
470	3	1
320	3	1
150	3	1
233	3	1
470	425	1
460	425	1
410	425	1
86	425	1
102	425	1
128	425	1
394	425	1
167	425	1
209	425	1
23	425	0
181	425	0
186	126	1
490	126	1
320	126	1
460	126	1
350	126	1
394	126	1
110	126	1
197	456	1
383	456	1
44	456	1
490	291	1
126	291	1
49	150	1
212	145	1
184	145	1
350	145	1
372	312	1
128	312	1
167	312	1
49	312	1
425	312	1
350	336	1
212	336	1
472	336	1
75	336	1
89	336	1
458	336	0
49	336	0
128	336	0
460	97	1
394	97	1
50	97	1
44	97	1
214	320	1
394	320	1
98	320	1
126	401	1
350	401	1
167	401	1
49	401	1
312	401	1
212	401	1
320	401	1
184	179	1
350	179	1
349	179	1
128	179	0
466	499	1
167	499	0
212	499	0
126	499	0
167	381	1
320	381	1
490	381	0
320	32	1
98	32	1
331	32	1
453	32	1
49	32	1
436	32	1
197	473	1
97	473	1
75	473	1
240	473	1
394	473	0
126	473	0
349	22	1
49	22	1
353	472	1
470	86	1
44	86	1
212	464	1
268	464	1
12	464	1
294	464	1
44	464	1
23	484	1
76	484	1
426	484	1
392	484	1
427	484	1
350	484	1
106	484	1
292	484	1
427	225	1
32	225	1
426	255	1
352	255	1
401	255	1
44	255	1
167	186	1
49	186	1
460	186	1
167	470	1
414	470	1
184	470	1
490	470	1
49	470	1
394	470	1
44	102	1
167	102	1
212	102	1
86	102	1
32	237	1
150	237	1
394	237	1
86	237	0
372	44	1
453	44	0
167	49	1
186	49	1
294	49	1
350	49	1
320	49	1
98	49	1
23	49	1
44	49	1
353	350	1
394	350	0
352	350	0
394	336	1
401	336	0
470	336	0
44	336	0
458	329	0
197	329	0
184	471	0
331	144	1
320	144	1
178	144	1
225	144	1
273	144	0
212	86	1
212	420	0
420	441	1
436	441	0
420	166	0
470	327	1
49	327	0
150	327	0
394	327	0
470	106	1
379	106	0
373	106	0
392	106	1
361	106	1
184	106	0
350	58	1
373	58	0
212	58	0
382	58	0
472	242	1
274	242	1
209	242	1
453	242	0
209	379	1
382	379	1
437	178	1
320	410	1
214	410	1
442	410	0
331	198	1
235	198	1
209	198	1
382	198	1
242	198	1
437	198	0
373	382	1
23	382	1
198	382	1
98	382	1
392	331	1
436	331	1
437	331	1
394	232	1
394	453	1
150	242	1
437	242	0
374	242	0
286	242	0
98	242	0
23	242	0
382	242	0
394	392	1
437	392	0
232	144	1
442	144	0
372	144	0
204	144	0
374	437	1
32	106	1
373	59	1
373	357	1
98	247	1
373	23	1
286	450	0
